AO-07
1 07530U 74089B   26213.31045441 -.00000039  00000-0  45656-4 0  9992
2 07530 101.9912 227.0279 0012547  46.4987  23.7609 12.53698890366177
UO-11
1 14781U 84021B   26213.19031018  .00001589  00000-0  16673-3 0  9992
2 14781  97.8093 178.2740 0008660  44.0057 316.1849 14.90893052263833
LO-19
1 20442U 90005G   26213.32212000  .00000090  00000-0  48818-4 0  9992
2 20442  98.8844 236.3693 0012640  75.5160 284.7425 14.34135123908864
AO-27
1 22825U 93061C   26213.17048455  .00000089  00000-0  50922-4 0  9995
2 22825  98.6854 280.5614 0007789 335.7752  24.3063 14.30952938713430
FO-29
1 24278U 96046B   26213.26199353 -.00000012  00000-0  25465-4 0  9990
2 24278  98.5207  55.9552 0349504 339.6573  19.0928 13.53276035479260
GO-32
1 25397U 98043D   26212.94953884  .00000036  00000-0  35793-4 0  9993
2 25397  99.0099 206.8435 0002369  88.2412 271.9037 14.24436245457704
ISS
1 25544U 98067A   26213.08729591  .00007538  00000-0  14334-3 0  9996
2 25544  51.6316  77.8927 0007211 359.3033   0.7945 15.49292827578713
NO-44
1 26931U 01043C   26213.20935993  .00000129  00000-0  79187-4 0  9991
2 26931  67.0509 127.8241 0005766 268.1196  91.9245 14.31971159296897
SO-50
1 27607U 02058C   26212.99651815  .00001143  00000-0  15167-3 0  9996
2 27607  64.5532 350.3361 0073996 254.2161 105.0777 14.83134025271104
CO-55
1 27844U 03031E   26212.99548561  .00000244  00000-0  12425-3 0  9999
2 27844  98.6751 220.9935 0010638  59.5064 300.7164 14.24360853198050
RS-22
1 27939U 03042A   26213.30976610  .00000961  00000-0  15595-3 0  9999
2 27939  98.3476  38.9480 0012261 121.6671 342.2621 14.73542905222193
CO-65
1 32785U 08021C   26213.25420023  .00004091  00000-0  25693-3 0  9990
2 32785  97.8308 195.6316 0007326 227.2391 132.8222 15.09843596991994
CO-66
1 32791U 08021J   26212.96429181  .00018516  00000-0  56061-3 0  9998
2 32791  97.7539 213.0539 0004571 126.1987 233.9678 15.34223313994151
RS-30
1 32953U 08025A   26213.32715466  .00000065  00000-0  39874-3 0  9990
2 32953  82.5080 327.3628 0019166 210.0410 149.9572 12.43181497825304
SRMSAT
1 37841U 11058D   26213.12212378  .00000364  00000-0  53780-4 0  9998
2 37841  19.9706 147.4837 0011590 338.9747 151.5789 14.11584224764171
ZACUBE-1
1 39417U 13066B   26213.12974271  .00004223  00000-0  32527-3 0  9990
2 39417  97.7988 175.6802 0043703 101.0673 259.5470 15.01436954687470
Delfi-N3xt
1 39428U 13066N   26213.21346365  .00006937  00000-0  59533-3 0  9999
2 39428  97.8316 133.4898 0075598  57.6264 303.2244 14.95582967681359
GOMX-1
1 39430U 13066Q   26213.26136200  .00001144  00000-0  17816-3 0  9995
2 39430  97.6454  50.8807 0126983 293.0179  65.7677 14.69579116676538
LO-74
1 39440U 13066AA  26213.27387665  .00003418  00000-0  31622-3 0  9997
2 39440  97.8927 162.4587 0055634 236.9540 122.6329 14.94064160683725
AO-73
1 39444U 13066AE  26213.19151368  .00007678  00000-0  46806-3 0  9993
2 39444  97.8312 185.6020 0037483  52.7646 307.6993 15.10060253686452
DTUSAT-2
1 40030U 14033W   26213.27404750  .00006496  00000-0  34597-3 0  9997
2 40030  98.0886 213.8867 0009651  84.0237 276.2093 15.15561754659513
LILACSAT-2
1 40908U 15049K   26213.33525150  .00017083  00000-0  27563-3 0  9993
2 40908  97.4607 251.9293 0008652  92.1779 268.0464 15.52933747602759
Lapan A3
1 41603U 16040E   26213.28835142  .00002920  00000-0  92793-4 0  9999
2 41603  97.1516 207.9667 0009263 203.0566 157.0262 15.33372208561722
CAS-2T
1 41847U 16066G   26213.18730455  .00000605  00000-0  94060-4 0  9994
2 41847  98.3803 288.4089 0341211 353.2371   6.4275 14.44794293511291
TechnoSat
1 42829U 17042E   26213.32504028  .00003324  00000-0  23662-3 0  9991
2 42829  97.4331   9.2848 0016455 301.9600  58.0026 15.05190642493498
AO-91
1 43017U 17073E   26213.11446340  .00008938  00000-0  38420-3 0  9998
2 43017  97.4636  79.4137 0149126 172.8103 187.5318 15.13289519472187
S-Net D
1 43186U 18014G   26213.31948316  .00004163  00000-0  21364-3 0  9998
2 43186  97.5308 117.8290 0006951 210.7831 149.2996 15.17061421465606
S-Net B
1 43187U 18014H   26213.26587437  .00004392  00000-0  22537-3 0  9993
2 43187  97.5315 117.7635 0007720 206.7179 153.3657 15.17030096465594
S-Net A
1 43188U 18014J   26213.25215570  .00004081  00000-0  20946-3 0  9996
2 43188  97.5324 117.9676 0007538 207.5601 152.5233 15.17068909465593
S-Net C
1 43189U 18014K   26213.27000619  .00004442  00000-0  22793-3 0  9998
2 43189  97.5343 118.0668 0009122 201.0444 159.0416 15.17020326464149
Ten-Koh
1 43677U 18084G   26213.12750700  .00001663  00000-0  12812-3 0  9997
2 43677  98.0764  47.3875 0008546 340.2439  19.8453 15.03113110422919
PO-101
1 43678U 18084H   26213.31478689  .00001498  00000-0  12360-3 0  9996
2 43678  98.1209  51.5041 0011588  29.5565 330.6310 15.00618547422988
QO-100
1 43700U 18090A   26212.81155954  .00000150  00000-0  00000-0 0  9999
2 43700   0.0141  77.2635 0002562  87.5248 102.5711  1.00272549 28121
MinXSS-2
1 43758U 18099A   26213.26348789  .00040409  00000-0  71705-3 0  9995
2 43758  97.4502 290.9650 0008228 106.8697 253.3457 15.50086166421109
AO-95
1 43770U 18099N   26213.15753415  .00011224  00000-0  41774-3 0  9999
2 43770  97.4352 273.2583 0008816 177.1650 182.9640 15.27621172420081
SNUSat 2
1 43782U 18099AA  26213.10100679  .00008510  00000-0  36962-3 0  9992
2 43782  97.4022 265.8063 0011600 133.2181 227.0026 15.22489387419863
SnugLite
1 43784U 18099AC  26213.14386931  .00011333  00000-0  41584-3 0  9998
2 43784  97.3833 267.0018 0004584 119.6961 240.4735 15.28112300420182
ITASat 1
1 43786U 18099AE  26213.13653119  .00006336  00000-0  30034-3 0  9999
2 43786  97.3996 263.7593 0012331 187.2862 172.8196 15.19579101419739
EAGLET 1
1 43790U 18099AJ  26213.08849769  .00004314  00000-0  24592-3 0  9992
2 43790  97.4196 261.5694 0011068 182.0066 178.1123 15.13250826419126
ESEO
1 43792U 18099AL  26213.07971845  .00000876  00000-0  66835-4 0  9990
2 43792  97.3949 248.5438 0012151 171.0239 189.1208 15.04369549418553
JO-97
1 43803U 18099AX  26213.16036809  .00017763  00000-0  52349-3 0  9992
2 43803  97.4093 276.1857 0007245 109.7615 250.4410 15.35061563420529
Suomi 100
1 43804U 18099AY  26213.10370197  .00013318  00000-0  46818-3 0  9994
2 43804  97.4155 273.3530 0011435 119.1875 241.0511 15.29427421420288
ISAT
1 43879U 18111D   26213.29266684  .00150931  00000-0  99045-3 0  9999
2 43879  97.5834 152.2973 0009320 118.8248 241.3953 15.75240650418245
UWE-4
1 43880U 18111E   26213.28525840  .00035179  00000-0  65157-3 0  9995
2 43880  97.5835 143.8436 0008789 141.4268 218.7612 15.48887145417751
Sparrow
1 43881U 18111F   26213.31853438  .00507605  10958-3  11841-2 0  9991
2 43881  97.6025 159.0815 0011091 146.0332 214.1656 15.96915247418518
Prox-1
1 44339U 19036A   26213.22761184  .00012573  00000-0  11933-2 0  9994
2 44339  23.9939 173.1437 0006130 194.5146 165.5178 14.91608245380202
Taurus 1
1 44530U 19059C   26213.30058174  .00005523  00000-0  87704-3 0  9996
2 44530  98.6455  20.9511 0009069 162.6105 197.5413 14.72536566365287
TO-108
1 44881U 19093C   26213.27777984  .00000615  00000-0  75398-4 0  9990
2 44881  97.7510 284.4059 0012261 302.3593  57.6436 14.86582363358110
RS-44
1 44909U 19096E   26213.27143905  .00000028  00000-0  61764-4 0  9994
2 44909  82.5244 309.7515 0218057  39.2211 322.4463 12.79748784308118
SALSAT
1 46495U 20068K   26213.26939559  .00006588  00000-0  22662-3 0  9994
2 46495  97.8865 219.1026 0010879 136.9840 223.2251 15.30397823322252
CSS (TIANHE-1)
1 48274U 21035A   26213.32621828  .00017851  00000-0  22948-3 0  9992
2 48274  41.4685  47.9613 0000997 286.4724  73.6005 15.58666960300212
CUTE
1 49263U 21088D   26197.83813593  .08921004  25505-5  41832-3 0  9995
2 49263  97.3907 300.4441 0014216 277.7997  82.1689 16.41647044267308
TeikyoSat 4
1 49396U 21102B   26213.06230164  .00001520  00000-0  98090-4 0  9991
2 49396  97.3657 240.8012 0013232 133.2351 226.9986 15.09653298259495
Z-Sat
1 49399U 21102E   26213.33945475  .00002086  00000-0  10368-3 0  9991
2 49399  97.3302 247.2954 0018447  90.1229 270.2119 15.18587472260299
KOSEN 1
1 49402U 21102H   26213.09127323  .00007332  00000-0  27484-3 0  9999
2 49402  97.3156 254.3870 0014763  54.5112 305.7503 15.27445310260878
HO-113
1 50466U 21131B   26213.31529823  .00000302  00000-0  10688-3 0  9997
2 50466  98.4990 305.4616 0003477 340.2475  19.8579 14.41395008241611
SNUGLITE 2
1 52899U 22065F   26213.33295851  .00000907  00000-0  18066-3 0  9998
2 52899  98.2261 358.0995 0006380 236.2714 123.7881 14.64422926217600
UmKA 1 (RS40S)
1 57172U 23091G   26213.28856770  .00004997  00000-0  22626-3 0  9994
2 57172  97.5017 271.8192 0011358 328.5280  31.5275 15.21293953170864
CubeBel-2 (EU11S)
1 57175U 23091K   26213.25460736  .00011689  00000-0  40204-3 0  9995
2 57175  97.5018 276.9001 0007984 321.6696  38.3976 15.30209422171196
RS-38S
1 57189U 23091Z   26213.27319721  .00015576  00000-0  42678-3 0  9995
2 57189  97.5062 283.6994 0005350 262.7223  97.3413 15.37386540171614
SONATE-2
1 59112U 24043Q   26213.22015072  .00041510  00000-0  47191-3 0  9990
2 59112  97.5576   6.5081 0005709  45.0867 315.0853 15.62191014134913
GRBBeta
1 60237U 24128C   26213.01458967  .00003700  00000-0  25747-3 0  9997
2 60237  61.9895  58.9558 0034682 144.4078 215.9339 15.06920692113028
Curium One
1 60242U 24128H   26213.05075159  .00008245  00000-0  46897-3 0  9993
2 60242  61.9782  46.8046 0033979 140.1542 220.2058 15.13104097113246
ROBUSTA-3A
1 60243U 24128J   26213.23974722  .00007338  00000-0  42862-3 0  9998
2 60243  61.9862  48.8594 0035735 137.2621 223.1264 15.12226465113236
CatSat
1 60246U 24125J   26213.12625425  .00083654  00000-0  85485-3 0  9992
2 60246  97.2034  66.3912 0017238  20.4795 339.7152 15.64588593114404
HYPERVIEW-1G (RS66S)
1 61772U 24199AP  26213.05026405  .00673727  19431-3  17063-2 0  9996
2 61772  97.2742  95.5509 0006280 135.9953 224.1824 15.95494844141776
AO-123
1 61781U 24199AY  26213.24699642  .00007125  00000-0  20302-3 0  9999
2 61781  97.2933  81.5156 0014816 141.0960 219.1354 15.36286069140843
JINJUSat 1B
1 63210U 25052A   26213.21531945  .00015659  00000-0  46503-3 0  9997
2 63210  97.3940 110.0604 0000948 308.0810  52.0347 15.34870521 77000
NUSHSAT 1
1 63211U 25052B   26213.24662534  .00019405  00000-0  52565-3 0  9998
2 63211  97.3912 110.8237 0000671 347.4570  12.6658 15.37704099 77065
TEVEL2-4
1 63213U 25052D   26213.28168708  .00017598  00000-0  50125-3 0  9999
2 63213  97.3838 109.7824 0001340  18.0379 342.0912 15.36158675 77037
TEVEL2-5
1 63214U 25052E   26213.24244229  .00017449  00000-0  50021-3 0  9999
2 63214  97.3835 109.6775 0001496  21.5683 338.5624 15.35958975 77027
TEVEL2-6
1 63215U 25052F   26213.25581005  .00017769  00000-0  50989-3 0  9995
2 63215  97.3839 109.6754 0001520  24.0148 336.1166 15.35923454 77020
TEVEL2-1
1 63217U 25052H   26213.23613019  .00016546  00000-0  48402-3 0  9995
2 63217  97.3815 109.2245 0002253  22.5904 337.5438 15.35333760 77004
TEVEL2-3
1 63218U 25052J   26213.22897707  .00016273  00000-0  47508-3 0  9996
2 63218  97.3816 109.2455 0002117  31.4429 328.6941 15.35399829 77007
TEVEL2-2
1 63219U 25052K   26213.17095627  .00016674  00000-0  48756-3 0  9993
2 63219  97.3813 109.1623 0002291  22.6261 337.5083 15.35344016 76991
TEVEL2-9
1 63237U 25052AD  26213.27339914  .00015639  00000-0  48856-3 0  9995
2 63237  97.3874 108.5388 0005469   5.5800 354.5502 15.33250175 76937
TEVEL2-7
1 63238U 25052AE  26213.25818225  .00015271  00000-0  48212-3 0  9999
2 63238  97.3875 108.4195 0005632   4.9015 355.2281 15.32919109 76926
TEVEL2-8
1 63239U 25052AF  26213.20157919  .00015135  00000-0  47806-3 0  9998
2 63239  97.3876 108.3388 0005621   5.9358 354.1950 15.32904003 76917
SPIRONE
1 66657U 25274H   26213.27380716  .00002174  00000-0  21065-3 0  9999
2 66657  97.7465 141.9238 0010920 218.1880 141.8568 14.93713075 36954
K-HERO
1 66660U 25274L   26213.26602195  .00001706  00000-0  16471-3 0  9995
2 66660  97.7476 142.1102 0012664 224.1804 135.8405 14.94116061 36960
SNUGLITE-III DURI
1 66661U 25274M   26213.25286126  .00001231  00000-0  12026-3 0  9992
2 66661  97.7474 142.1182 0013275 225.5174 134.4962 14.94139018 36961
SAKHACUBE-CHOLBON
1 67290U 25313AU  26213.16488277  .00008973  00000-0  35501-3 0  9999
2 67290  97.3913 287.6555 0009122 186.8011 173.3105 15.25650297 32833
RS95S (QMR-KWT-2)
1 67291U 25313AV  26213.17233125  .00013339  00000-0  49906-3 0  9997
2 67291  97.3910 287.9426 0008992 184.2912 175.8251 15.27402740 32858
Ten-Koh2
1 68261U 25241B   26213.06176672  .00007108  00000-0  29956-3 0  9996
2 68261  51.6538 105.9799 0005208 287.0971  72.9436 15.24370192 21752
JACK-002
1 68417U 26067B   26212.93716469  .00006100  00000-0  28711-3 0  9994
2 68417  97.4598 170.9978 0004002 106.3760 253.7915 15.19906785 18743
DISCO 2
1 68431U 26067R   26212.96594620  .00008598  00000-0  40561-3 0  9996
2 68431  97.4633 171.0173 0002551 144.5355 215.6050 15.19707785 18745
HADES-SA (SpinnyONE)
1 68446U 26067AG  26213.19055800  .00016180  00000-0  74139-3 0  9994
2 68446  97.4429 170.8654 0003859 283.5648  76.5158 15.20544756 18760
PARUS-6U1
1 68456U 26067AS  26212.88863102  .00005666  00000-0  28227-3 0  9996
2 68456  97.4585 170.5854 0003536 268.7139  91.3690 15.17956304 18718
SAL-E
1 68458U 26067AU  26212.87453908  .00007342  00000-0  36044-3 0  9995
2 68458  97.4510 170.4849 0003545 282.3795  77.7042 15.18367083 18711
FSI-SAT 2
1 68792U 26088A   26212.97213007  .00004211  00000-0  28366-3 0  9994
2 68792  97.5121   1.1304 0013310 318.2198  41.8012 15.07153964 15034
OrigamiSat 2
1 68795U 26088D   26213.31359841  .00009844  00000-0  61363-3 0  9994
2 68795  97.5121   1.7506 0013596 283.6669  76.3046 15.09670069 15101
ARICA 2
1 68796U 26088E   26213.33134339  .00003432  00000-0  22215-3 0  9990
2 68796  97.5122   1.7118 0013897 285.1340  74.8351 15.08751178 15101
WASEDA-SAT-ZERO-II
1 68797U 26088F   26212.98707200  .00004985  00000-0  31781-3 0  9996
2 68797  97.5114   1.4012 0013828 285.5736  74.3967 15.09095351 15057
MANGARO-II-Piscus
1 68798U 26088G   26213.30733581  .00003568  00000-0  22849-3 0  9996
2 68798  97.5125   1.7535 0017517 287.7415  72.1902 15.09070076 15108
IO-86
1 40931U          26199.45381863  .00000000  00000-0  77536-4 0    07
2 40931   6.0006 322.6653 0012733 338.8432 273.6875 14.79294310    03
LILIUM-4
1 71922C 26067AC  26089.50133053 -.00014632  00000 0 -74472-3 0    04
2 71922  97.4497  49.1617 0004341   5.9603 355.7042 15.16896692    16
