AO-07
1 07530U 74089B   26283.28007347 -.00000028  00000-0  11679-3 0  9993
2 07530 101.9907 297.7263 0011948 271.8558 100.0131 12.53700023374945
UO-11
1 14781U 84021B   26282.71822774  .00001272  00000-0  13416-3 0  9994
2 14781  97.8220 247.1253 0008018 154.8837 205.2772 14.91041875274196
LO-19
1 20442U 90005G   26283.29911665  .00000082  00000-0  46151-4 0  9997
2 20442  98.8794 308.2481 0010800 224.6795 135.3519 14.34148849918897
AO-27
1 22825U 93061C   26283.44315109  .00000072  00000-0  44204-4 0  9993
2 22825  98.6762 350.7433 0009384 119.0877 241.1246 14.30965848723483
FO-29
1 24278U 96046B   26283.35207967  .00000019  00000-0  52784-4 0  9998
2 24278  98.5140 116.4272 0350217 157.4064 204.2930 13.53279094488744
GO-32
1 25397U 98043D   26283.26212154  .00000040  00000-0  37530-4 0  9990
2 25397  99.0170 278.9804 0000506 196.2843 163.8318 14.24446407467717
ISS
1 25544U 98067A   26282.95044904  .00006711  00000-0  13074-3 0  9998
2 25544  51.6315  92.1575 0006672 244.0714 115.9587 15.48795780589546
NO-44
1 26931U 01043C   26283.54244587  .00000086  00000-0  62923-4 0  9999
2 26931  67.0503 305.9020 0006042 274.8468  85.1944 14.31990650306967
SO-50
1 27607U 02058C   26283.32147977  .00000711  00000-0  10146-3 0  9992
2 27607  64.5509 132.7061 0070429 241.1888 118.2135 14.83248382281530
CO-55
1 27844U 03031E   26283.24139138  .00000224  00000-0  11560-3 0  9998
2 27844  98.6768 290.3755 0008978 205.5806 154.4930 14.24392410208051
RS-22
1 27939U 03042A   26283.65357492  .00000905  00000-0  14714-3 0  9995
2 27939  98.3461 111.3149 0009946 262.4904 185.9990 14.73631309232553
CO-65
1 32785U 08021C   26283.62512364  .00004790  00000-0  29586-3 0  9999
2 32785  97.8409 267.6091 0008748   8.2222 351.9149 15.10352295  2623
CO-66
1 32791U 08021J   26283.61648520  .00019411  00000-0  54959-3 0  9997
2 32791  97.7562 287.3892 0000489 189.6773 170.4461 15.36334112  4984
RS-30
1 32953U 08025A   26283.58447146  .00000069  00000-0  42693-3 0  9999
2 32953  82.4982 283.6602 0020591  61.6409 298.6744 12.43183990834035
SRMSAT
1 37841U 11058D   26282.80151719  .00000371  00000-0  57341-4 0  9995
2 37841  19.9715  85.7119 0011787  25.2362   3.2966 14.11597175774030
ZACUBE-1
1 39417U 13066B   26283.62632092  .00003491  00000-0  26749-3 0  9999
2 39417  97.8198 246.6198 0037634 222.5545 137.2762 15.01974740698056
Delfi-N3xt
1 39428U 13066N   26283.51236144  .00004904  00000-0  41687-3 0  9995
2 39428  97.8305 203.7893 0072380 181.4263 178.6763 14.96292558691866
GOMX-1
1 39430U 13066Q   26283.59266873  .00000906  00000-0  14112-3 0  9999
2 39430  97.6411 116.7788 0129380  66.7494 294.7274 14.69755790686868
LO-74
1 39440U 13066AA  26283.58796274  .00004092  00000-0  37344-3 0  9994
2 39440  97.9028 233.1759 0057031   6.0863 354.1037 14.94417789694226
AO-73
1 39444U 13066AE  26282.88258682  .00006914  00000-0  41381-3 0  9997
2 39444  97.8418 256.9310 0035385 170.1863 190.0065 15.10834091696979
DTUSAT-2
1 40030U 14033W   26282.97861200  .00006139  00000-0  32101-3 0  9990
2 40030  98.0917 288.1506 0007202 191.0358 169.0716 15.16257649670077
LILACSAT-2
1 40908U 15049K   26283.58806998  .00020360  00000-0  30386-3 0  9998
2 40908  97.4518 325.0394 0006515 173.5404 186.5935 15.55070504613665
Lapan A3
1 41603U 16040E   26283.62864398  .00003314  00000-0  10386-3 0  9994
2 41603  97.1584 276.0951 0008936 330.8918  29.1826 15.33728604572504
CAS-2T
1 41847U 16066G   26283.27148451  .00001190  00000-0  17387-3 0  9996
2 41847  98.3728 357.6660 0341858 140.1603 222.5231 14.44892293521416
TechnoSat
1 42829U 17042E   26282.98724646  .00003268  00000-0  23050-3 0  9997
2 42829  97.4423  76.4337 0018502  63.8882 296.4246 15.05513268503970
AO-91
1 43017U 17073E   26283.38098407  .00008281  00000-0  35149-3 0  9997
2 43017  97.4501 148.2419 0144811 290.5808  67.9940 15.14243314482819
S-Net D
1 43186U 18014G   26283.55423004  .00005041  00000-0  25427-3 0  9993
2 43186  97.5245 187.6141 0007618 352.1023   8.0089 15.17565020476253
S-Net B
1 43187U 18014H   26283.17241511  .00004295  00000-0  21738-3 0  9994
2 43187  97.5250 187.2245 0008132 347.6802  12.4232 15.17528979476191
S-Net A
1 43188U 18014J   26283.48652569  .00005038  00000-0  25406-3 0  9990
2 43188  97.5262 187.7683 0007995 347.3517  12.7515 15.17573916476246
S-Net C
1 43189U 18014K   26283.30886842  .00004259  00000-0  21557-3 0  9992
2 43189  97.5278 187.6839 0009116 338.5519  21.5331 15.17520881474769
Ten-Koh
1 43677U 18084G   26283.35404741  .00001857  00000-0  14164-3 0  9997
2 43677  98.0714 120.5892 0010920  92.8869 267.3605 15.03324761433460
PO-101
1 43678U 18084H   26283.59186750  .00001255  00000-0  10388-3 0  9997
2 43678  98.1146 124.8780 0013227 146.3391 213.8674 15.00791173433523
QO-100
1 43700U 18090A   26283.59634604  .00000138  00000-0  00000-0 0  9992
2 43700   0.0132 132.4854 0001191  89.2819  37.9447  1.00274893 28837
MinXSS-2
1 43758U 18099A   26283.19375014  .00057957  00000-0  85028-3 0  9994
2 43758  97.4433   3.4718 0006442 192.9847 167.1242 15.55323732431959
AO-95
1 43770U 18099N   26283.15268435  .00010288  00000-0  36943-3 0  9990
2 43770  97.4259 343.0686 0006699 306.1472  53.9147 15.28840111430773
SNUSat 2
1 43782U 18099AA  26283.40623617  .00006883  00000-0  29261-3 0  9999
2 43782  97.3928 335.0581 0008417 246.5236 113.5117 15.23321605430562
SnugLite
1 43784U 18099AC  26283.37981073  .00010563  00000-0  37427-3 0  9993
2 43784  97.3737 336.6184 0001758 203.4138 156.7023 15.29288190430913
ITASat 1
1 43786U 18099AE  26283.44832518  .00005282  00000-0  24623-3 0  9998
2 43786  97.3895 332.6741 0010810 314.6314  45.4039 15.20254726430410
EAGLET 1
1 43790U 18099AJ  26283.43613923  .00003060  00000-0  17367-3 0  9998
2 43790  97.4101 330.0252 0009622 312.9734  47.0690 15.13641083429766
ESEO
1 43792U 18099AL  26283.04999974  .00001583  00000-0  11710-3 0  9994
2 43792  97.3863 315.4775 0010840 305.0132  55.0077 15.04511093429077
JO-97
1 43803U 18099AX  26283.12672161  .00018469  00000-0  51173-3 0  9990
2 43803  97.4001 346.5566 0004818 201.7159 158.3882 15.37000446431263
Suomi 100
1 43804U 18099AY  26283.14452059  .00011621  00000-0  39290-3 0  9994
2 43804  97.4061 343.2216 0008437 224.6899 135.3663 15.30759268430999
ISAT
1 43879U 18111D   26272.22564364  .11405449  27516-5  40905-3 0  9999
2 43879  97.5523 217.9747 0009492 205.7371 154.3458 16.43560492427609
UWE-4
1 43880U 18111E   26283.60378352  .00048483  00000-0  75867-3 0  9993
2 43880  97.5850 217.9326 0002992 257.3668 102.7250 15.53608742428651
Prox-1
1 44339U 19036A   26282.70197512  .00015331  00000-0  14104-2 0  9999
2 44339  23.9943  67.8330 0005149 292.4356  67.5599 14.92990841390596
Taurus 1
1 44530U 19059C   26283.61618756  .00004555  00000-0  71622-3 0  9991
2 44530  98.6499  95.7827 0007814 313.1424  46.9127 14.73072402375632
TO-108
1 44881U 19093C   26283.61469109  .00000934  00000-0  11098-3 0  9992
2 44881  97.7431 352.9704 0014919  69.3949 290.8866 14.86659668368568
RS-44
1 44909U 19096E   26283.24174644  .00000009  00000-0 -40459-5 0  9991
2 44909  82.5171 263.2421 0216457 235.2064 122.8500 12.79749715317066
SALSAT
1 46495U 20068K   26283.27739164  .00006367  00000-0  21397-3 0  9991
2 46495  97.8875 293.5028 0007618 255.5853 104.4542 15.31200508332966
CSS (TIANHE-1)
1 48274U 21035A   26283.57266552  .00021616  00000-0  25794-3 0  9991
2 48274  41.4701 341.2221 0000800  11.5441 348.5416 15.60531348311184
TeikyoSat 4
1 49396U 21102B   26283.31733582  .00001188  00000-0  77168-4 0  9991
2 49396  97.3600 308.3070 0010338 254.6744 105.3344 15.09833011270095
Z-Sat
1 49399U 21102E   26283.57166782  .00003671  00000-0  17819-3 0  9999
2 49399  97.3232 315.3919 0015626 198.3364 161.7309 15.18986785270955
KOSEN 1
1 49402U 21102H   26283.10527220  .00006236  00000-0  22899-3 0  9995
2 49402  97.3069 323.0684 0014059 153.9079 206.2872 15.28196807271569
HO-113
1 50466U 21131B   26283.63397315  .00000559  00000-0  18584-3 0  9995
2 50466  98.4978  15.3919 0005260 107.7970 252.3793 14.41442326251741
SNUGLITE 2
1 52899U 22065F   26283.16083927  .00000748  00000-0  15030-3 0  9996
2 52899  98.2373  67.9162 0007942  31.6307 328.5371 14.64518751227822
UmKA 1 (RS40S)
1 57172U 23091G   26283.58896169  .00005619  00000-0  24935-3 0  9997
2 57172  97.4920 341.8456 0013934  78.8545 281.4257 15.21892000181550
CubeBel-2 (EU11S)
1 57175U 23091K   26283.58588942  .00013158  00000-0  43315-3 0  9997
2 57175  97.4926 347.9581 0010465  71.1422 289.0953 15.31575815181955
RS-38S
1 57189U 23091Z   26283.58921006  .00018567  00000-0  47677-3 0  9998
2 57189  97.4983 355.5938 0006729  29.6693 330.4933 15.39342250182425
SONATE-2
1 59112U 24043Q   26282.97580144  .00068972  00000-0  60941-3 0  9994
2 59112  97.5625  81.3237 0005184 137.1783 222.9882 15.68443524145821
GRBBeta
1 60237U 24128C   26283.40891007  .00002653  00000-0  18807-3 0  9998
2 60237  61.9895 171.7945 0023515 160.1827 200.0185 15.07298786123637
Curium One
1 60242U 24128H   26283.14770290  .00006400  00000-0  36181-3 0  9994
2 60242  61.9779 158.1507 0022908 153.6094 206.6175 15.13886215123857
ROBUSTA-3A
1 60243U 24128J   26283.18002066  .00005585  00000-0  32536-3 0  9991
2 60243  61.9858 161.1679 0024855 150.7247 209.5248 15.12958681123816
CatSat
1 60246U 24125J   26283.35490915  .00202274  00000-0  11645-2 0  9995
2 60246  97.1875 138.6636 0014379 108.7747 251.5081 15.78005742125423
AO-123
1 61781U 24199AY  26283.57230233  .00007713  00000-0  21382-3 0  9991
2 61781  97.2794 151.2036 0011469 251.9136 108.0860 15.37157064151648
LASARsat
1 62391U 24247Q   26282.18174676  .00040347  00000-0  61489-3 0  9999
2 62391  44.9727 338.1647 0009379 345.3799  14.6821 15.53819214101009
CroCube
1 62394U 24247T   26282.57311726  .00059790  00000-0  80053-3 0  9994
2 62394  44.9699 330.7993 0009832   0.3389 359.7510 15.57170897101121
JINJUSat 1B
1 63210U 25052A   26282.67048535  .00020128  00000-0  56153-3 0  9990
2 63210  97.3847 179.7487 0004762  57.7218 302.4487 15.36769701 87664
NUSHSAT 1
1 63211U 25052B   26283.47114619  .00025761  00000-0  64148-3 0  9998
2 63211  97.3821 181.5930 0004623  61.8677 298.3036 15.40224230 87865
TEVEL2-4
1 63213U 25052D   26283.19302638  .00021592  00000-0  57212-3 0  9991
2 63213  97.3740 179.9809 0004634  72.2682 287.9069 15.38355200 87776
TEVEL2-5
1 63214U 25052E   26282.96861882  .00021096  00000-0  56359-3 0  9997
2 63214  97.3740 179.6655 0004596  73.3664 286.8086 15.38105702 87735
TEVEL2-6
1 63215U 25052F   26283.17859486  .00020853  00000-0  55749-3 0  9991
2 63215  97.3743 179.8619 0004552  74.3973 285.7774 15.38086144 87760
TEVEL2-1
1 63217U 25052H   26283.18769533  .00020452  00000-0  55896-3 0  9995
2 63217  97.3717 179.3452 0004862  80.5848 279.5946 15.37404616 87744
TEVEL2-3
1 63218U 25052J   26283.43747017  .00019578  00000-0  53365-3 0  9993
2 63218  97.3716 179.6364 0004597  80.9892 279.1873 15.37498769 87788
TEVEL2-2
1 63219U 25052K   26283.51247881  .00020516  00000-0  56018-3 0  9999
2 63219  97.3715 179.6762 0004916  80.7349 279.4452 15.37434081 87794
TEVEL2-9
1 63237U 25052AD  26283.45455166  .00017857  00000-0  52507-3 0  9992
2 63237  97.3777 178.7165 0007990  90.0120 270.2039 15.35124926 87696
TEVEL2-7
1 63238U 25052AE  26282.60806049  .00018936  00000-0  56392-3 0  9994
2 63238  97.3781 177.7298 0007928  94.1855 266.0295 15.34712020 87558
TEVEL2-8
1 63239U 25052AF  26283.59523370  .00017963  00000-0  53472-3 0  9992
2 63239  97.3776 178.6910 0008183  89.2540 270.9640 15.34734032 87706
SPIRONE
1 66657U 25274H   26283.54020822  .00002055  00000-0  19828-3 0  9997
2 66657  97.7508 211.2153 0011938 358.2365   1.8811 14.93919837 47449
K-HERO
1 66660U 25274L   26283.04506592  .00001461  00000-0  14115-3 0  9993
2 66660  97.7516 210.9708 0013998   2.9210 357.2089 14.94311066 47383
SNUGLITE-III DURI
1 66661U 25274M   26283.56710658  .00001678  00000-0  16124-3 0  9993
2 66661  97.7514 211.5057 0014603   2.0781 358.0497 14.94313873 47463
SAKHACUBE-CHOLBON
1 67290U 25313AU  26283.18912294  .00008596  00000-0  32999-3 0  9998
2 67290  97.3840 356.8675 0007527 316.2757  43.7885 15.26679514 43513
RS95S (QMR-KWT-2)
1 67291U 25313AV  26283.17052933  .00014113  00000-0  50407-3 0  9999
2 67291  97.3839 357.3382 0006977 311.5884  48.4758 15.28933434 43540
Ten-Koh2
1 68261U 25241B   26283.12587009  .00006820  00000-0  28151-3 0  9996
2 68261  51.6585 132.0504 0007482 175.3892 184.7157 15.25137991 32445
JACK-002
1 68417U 26067B   26283.62826314  .00006820  00000-0  31411-3 0  9999
2 68417  97.4718 240.9811 0001168 158.9804 201.1479 15.20617515 29480
DISCO 2
1 68431U 26067R   26282.60965289  .00007672  00000-0  35342-3 0  9990
2 68431  97.4745 239.9796 0001684  21.2465 338.8840 15.20570366 29329
HADES-SA (SpinnyONE)
1 68446U 26067AG  26283.62435371  .00021354  00000-0  91837-3 0  9997
2 68446  97.4534 240.5678 0008232  48.2912 311.9027 15.22632229 29474
PARUS-6U1
1 68456U 26067AS  26282.94846851  .00005583  00000-0  27347-3 0  9992
2 68456  97.4700 239.7171 0006599  40.7692 319.4035 15.18541781 29349
SAL-E
1 68458U 26067AU  26282.31761573  .00006127  00000-0  29445-3 0  9998
2 68458  97.4618 238.9913 0007194  49.8430 310.3434 15.19165667 29255
FSI-SAT 2
1 68792U 26088A   26282.93927550  .00003726  00000-0  24824-3 0  9997
2 68792  97.5232  69.4992 0015670  77.0264 283.2713 15.07599923 25571
OrigamiSat 2
1 68795U 26088D   26283.01136498  .00011918  00000-0  71470-3 0  9994
2 68795  97.5212  70.1586 0015074  48.1287 312.1226 15.11010330 25624
ARICA 2
1 68796U 26088E   26282.89292495  .00004154  00000-0  26460-3 0  9993
2 68796  97.5221  69.8459 0016337  49.1052 311.1589 15.09192528 25597
WASEDA-SAT-ZERO-II
1 68797U 26088F   26282.92601820  .00005103  00000-0  31931-3 0  9998
2 68797  97.5215  69.9466 0016103  48.6006 311.6604 15.09737465 25604
MANGARO-II-Piscus
1 68798U 26088G   26282.85521641  .00002865  00000-0  18209-3 0  9998
2 68798  97.5229  69.9137 0019872  51.1880 309.1119 15.09468093 25599
CO-128
1 69912U 26156AV  26283.51138013  .00001156  00000-0  12248-3 0  9993
2 69912  97.7455 182.2496 0002641 150.1342 210.0028 14.91000083 14180
MARINA
1 69920U 26156BD  26283.23409714  .00001708  00000-0  17296-3 0  9991
2 69920  97.7424 182.1154 0006869 187.9009 172.2103 14.92242576 14155
IO-86
1 40931U          26199.45381863  .00000000  00000-0  77536-4 0    07
2 40931   6.0006 322.6653 0012733 338.8432 273.6875 14.79294310    03
LILIUM-4
1 71922C 26067AC  26089.50133053 -.00014632  00000 0 -74472-3 0    04
2 71922  97.4497  49.1617 0004341   5.9603 355.7042 15.16896692    16
