NOAA 2 (ITOS-D)
1 06235U 72082A   26208.86015595 -.00000019  00000-0  17586-3 0  9993
2 06235 102.0077 227.8768 0004578  93.7208  79.2340 12.53216395460044
SOLRAD-7B
1 01291U 65016D   26208.83956701  .00000003  00000-0  41281-4 0  9991
2 01291  70.0792 149.8374 0018658  64.4523 295.8509 13.94979864122371
OSCAR-7 (AO-7)
1 07530U 74089B   26208.54125306 -.00000024  00000-0  14195-3 0  9997
2 07530 101.9910 222.2088 0012579  55.4579  98.9910 12.53698780365572
UOSAT-2 (UO-11)
1 14781U 84021B   26208.89491605  .00001517  00000-0  15949-3 0  9991
2 14781  97.8089 174.0242 0008950  56.2673 303.9397 14.90879901263198
FLTSATCOM-7 (USA-20)
1 17181U 86096A   26208.01564355  .00000030  00000-0  00000-0 0  9997
2 17181  12.6693 339.8342 0040426 330.7484  77.1516  0.98925654152366
FLTSATCOM-8 (USA-46)
1 20253U 89077A   26208.77177203 -.00000362  00000-0  00000-0 0  9997
2 20253  12.4101 350.9135 0002036 107.1797 250.9505  1.00276994260969
OSCAR 16 (PACSAT)
1 20439U 90005D   26208.07976843  .00000129  00000-0  62672-4 0  9993
2 20439  98.8508 244.6913 0011649 112.7319 274.6890 14.33947896907659
LUSAT (LO-19)
1 20442U 90005G   26208.01974548  .00000124  00000-0  60864-4 0  9997
2 20442  98.8846 230.9213 0012686  89.7372 270.5265 14.34133627908105
UFO 2 (USA 95)
1 22787U 93056A   26208.60993146  .00000128  00000-0  00000-0 0  9996
2 22787  11.9091   3.3249 0001723 352.5733 197.6177  1.00276356118953
EYESAT-1 (AO-27)
1 22825U 93061C   26208.13600653  .00000092  00000-0  52094-4 0  9995
2 22825  98.6859 275.5304 0008063 351.2303   8.8738 14.30951631712711
ITAMSAT (IO-26)
1 22826U 93061D   26208.17339530  .00000097  00000-0  53281-4 0  9997
2 22826  98.6807 275.4893 0008241 333.1277  26.9478 14.31379491713031
UFO 3 (USA 104)
1 23132U 94035A   26207.67563204 -.00000102  00000-0  00000-0 0  9996
2 23132  12.3850   5.4632 0002005 239.7896 292.2033  1.00270428132093
RADIO ROSTO (RS-15)
1 23439U 94085A   26208.55820195 -.00000008  00000-0  98182-3 0  9990
2 23439  64.8133 237.9253 0157395 356.4410   3.5383 11.27583823300456
UFO 4 (USA 108)
1 23467U 95003A   26208.35819086 -.00000020  00000-0  00000-0 0  9990
2 23467   9.6719  12.9616 0002872 104.4114 128.8981  1.00270044115355
UFO 7 (USA 127)
1 23967U 96042A   26208.87861633 -.00000299  00000-0  00000-0 0  9999
2 23967  11.1556  16.8515 0006475 120.6127  69.9990  1.00198494109890
JAS-2 (FO-29)
1 24278U 96046B   26208.38251211 -.00000022  00000-0  14752-4 0  9997
2 24278  98.5209  51.7446 0349749 352.3301   7.2571 13.53275858478602
UFO 8 (USA 138)
1 25258U 98016A   26208.77705872 -.00000193  00000-0  00000-0 0  9991
2 25258  11.1794  22.5006 0003860 232.2690 123.0005  1.00264306104269
TECHSAT-1B (GO-32)
1 25397U 98043D   26208.38376868  .00000061  00000-0  46375-4 0  9993
2 25397  99.0095 202.1612 0002365  95.5843 264.5605 14.24435383457050
ISS (ZARYA)
1 25544U 98067A   26208.82999464  .00012208  00000-0  22756-3 0  9997
2 25544  51.6325  98.9640 0006981 344.4565  15.6209 15.49215570578052
UFO 10 (USA 146)
1 25967U 99063A   26208.81358125 -.00000187  00000-0  00000-0 0  9994
2 25967   9.8498  26.9891 0002072 142.0180  46.3941  1.00270622 97756
PCSAT (NO-44)
1 26931U 01043C   26208.18054120  .00000127  00000-0  78434-4 0  9998
2 26931  67.0508 140.8305 0005814 267.7252  92.3185 14.31969089296172
PROBA-1
1 26958U 01049B   26208.95580719  .00001603  00000-0  10636-3 0  9995
2 26958  97.9612 218.9167 0054318 346.8607  13.1201 15.07664516349763
SAUDISAT-1C (SO-50)
1 27607U 02058C   26208.68108592  .00001287  00000-0  16839-3 0  9992
2 27607  64.5529   3.6894 0074146 254.9838 104.3054 14.83123076270467
CUTE-1 (CO-55)
1 27844U 03031E   26208.00796652  .00000310  00000-0  15310-3 0  9992
2 27844  98.6748 216.0679 0010791  72.3188 287.9168 14.24357848197348
CUBESAT XI-IV (CO-57)
1 27848U 03031J   26207.45419514  .00000283  00000-0  14333-3 0  9996
2 27848  98.6781 215.2019 0010745  90.2969 269.9441 14.23639776196966
MOZHAYETS-4 (RS-22)
1 27939U 03042A   26208.97353610  .00001124  00000-0  18106-3 0  9998
2 27939  98.3478  34.4889 0012111 134.2810  20.8372 14.73534617221550
UFO 11 (USA 174)
1 28117U 03057A   26208.93139127 -.00000102  00000-0  00000-0 0  9991
2 28117   8.9566  33.6023 0002906 110.5904 212.2246  1.00271285 82857
CUBESAT XI-V (CO-58)
1 28895U 05043F   26208.89722199  .00001500  00000-0  24285-3 0  9999
2 28895  98.3031   5.3867 0015282  78.2031 282.0889 14.72732125107746
CAPE-1
1 31130U 07012P   26208.40041918  .00001379  00000-0  25514-3 0  9993
2 31130  98.4492 183.9813 0082191 306.3471  53.0164 14.64981564 24243
CUTE-1.7+APD II (CO-65)
1 32785U 08021C   26208.94636514  .00005481  00000-0  34314-3 0  9998
2 32785  97.8303 191.2299 0006939 244.6220 115.4291 15.09805270991343
SEEDS-II (CO-66)
1 32791U 08021J   26208.72467688  .00019544  00000-0  59463-3 0  9992
2 32791  97.7534 208.6015 0004281 134.0403 226.1192 15.34056625993507
YUBILEINY (RS-30)
1 32953U 08025A   26208.90085612  .00000048  00000-0  27156-3 0  9992
2 32953  82.5067 330.1148 0018998 219.9822 139.9860 12.43181355824755
KKS-1 (KISEKI)
1 33499U 09002H   26208.80250781  .00001404  00000-0  17860-3 0  9992
2 33499  98.1167 131.8874 0008421 149.1007 211.0704 14.83216838942218
SWISSCUBE
1 35932U 09051B   26208.19188562  .00001065  00000-0  21960-3 0  9998
2 35932  98.3994 116.7712 0008164  87.5249 272.6886 14.62550556895005
BEESAT
1 35933U 09051C   26207.67468511  .00000922  00000-0  19452-3 0  9990
2 35933  98.3923 115.7975 0006535 100.4092 259.7845 14.61777717894952
ITUPSAT-1
1 35935U 09051E   26207.70021734  .00000860  00000-0  18720-3 0  9996
2 35935  98.4007 114.9728 0008652 111.5509 248.6613 14.60493495894501
PROBA-2
1 36037U 09059B   26208.74910381  .00000210  00000-0  59334-4 0  9994
2 36037  98.2464  31.5431 0013879 150.6949 209.5029 14.54878446887420
XIWANG-1 (HOPE-1)
1 36122U 09072B   26208.90340250  .00000253  00000-0  77901-3 0  9990
2 36122 100.4041 162.0892 0007908 136.6426 223.5311 13.16441899798362
EWS-G2 (GOES-15)
1 36411U 10008A   26208.90192977  .00000025  00000-0  00000-0 0  9993
2 36411   1.3854  82.3197 0005709  54.4106 196.7901  1.00273041 60040
TISAT-1
1 36799U 10035E   26208.79678492  .00024103  00000-0  75278-3 0  9995
2 36799  98.0713 158.9996 0004912  97.9107 262.2690 15.33181439873924
HORYU-2
1 38340U 12025D   26208.83581179  .00003518  00000-0  35913-3 0  9999
2 38340  98.2218 343.4515 0008843  55.9372 304.2683 14.91291115754780
AAUSAT-3
1 39087U 13009B   26208.76080537  .00000667  00000-0  22537-3 0  9995
2 39087  98.3714  31.6351 0012687  90.4408 269.8234 14.39985283703016
STRAND-1
1 39090U 13009E   26208.43633813  .00000292  00000-0  11233-3 0  9999
2 39090  98.3940  27.6848 0009831 108.4259 251.7998 14.37185087702847
CUBEBUG-1 (CAPITAN BETO)
1 39153U 13018D   26208.39554157  .00003852  00000-0  33537-3 0  9993
2 39153  98.1700  10.1414 0011635  23.5976 336.5776 14.97518865717081
PROBA-V
1 39159U 13021A   26208.88416654  .00000065  00000-0  46666-4 0  9997
2 39159  98.3618 185.4882 0004685  29.3751 330.7691 14.23605488686909
ZACUBE-1 (TSHEPISOSAT)
1 39417U 13066B   26208.93109270  .00004598  00000-0  35397-3 0  9995
2 39417  97.7984 171.4630 0043922 114.5451 246.0361 15.01401617686843
TRITON-1
1 39427U 13066M   26208.94786392  .00001745  00000-0  21203-3 0  9995
2 39427  97.8212 117.8218 0091289 101.1664 259.9829 14.81839479680127
DELFI-N3XT
1 39428U 13066N   26208.73074268  .00009179  00000-0  78687-3 0  9992
2 39428  97.8318 129.0095 0075940  72.2877 288.6615 14.95506657680680
GOMX-1
1 39430U 13066Q   26208.97183365  .00001265  00000-0  19621-3 0  9991
2 39430  97.6466  46.8621 0127161 306.9432  52.0183 14.69569018675906
VELOX-PII
1 39438U 13066Y   26208.84450308  .00001946  00000-0  18681-3 0  9990
2 39438  97.8760 160.2668 0051727 206.6262 153.2300 14.93303604683904
CUBEBUG-2 (LO-74)
1 39440U 13066AA  26208.85361079  .00003346  00000-0  30990-3 0  9993
2 39440  97.8912 158.0168 0055678 252.2037 107.3103 14.94034888683066
FUNCUBE-1 (AO-73)
1 39444U 13066AE  26208.88425532  .00009722  00000-0  59256-3 0  9995
2 39444  97.8293 181.1998 0037637  66.5944 293.9236 15.09983837685805
UWE-3
1 39446U 13066AG  26208.85116148  .00002914  00000-0  25094-3 0  9993
2 39446  97.8729 165.2126 0048222 181.9058 178.1988 14.97272963683664
UNISAT-6
1 40012U 14033C   26208.67315777  .00002255  00000-0  24512-3 0  9990
2 40012  97.7920   0.6877 0043444 295.6283  64.0449 14.88413543652185
DUCHIFAT-1
1 40021U 14033M   26208.64244665  .00185061  00000-0  12500-2 0  9994
2 40021  98.0406 273.7856 0004497 226.2328 133.8563 15.74514710662090
SMAP
1 40376U 15003A   26208.83173730  .00000455  00000-0  97117-4 0  9992
2 40376  98.1290 215.3533 0001634  90.4899 269.6490 14.63398687613568
LILACSAT-2
1 40908U 15049K   26208.95334250  .00020331  00000-0  32955-3 0  9995
2 40908  97.4621 247.3734 0008668 104.4167 255.8048 15.52768997602079
LAPAN-A2 (IO-86)
1 40931U          25360.30710720  .00000000  00000-0  12800-3 0    00
2 40931   6.0006 332.5373 0012733 338.8432   8.1437 14.79075515    01
LQSAT
1 40958U 15057A   26208.92620192  .00000219  00000-0  38017-4 0  9998
2 40958  97.6704 200.2898 0017988 135.9782 224.2865 14.76824810581327
PRATHAM
1 41783U 16059A   26208.41200469  .00000828  00000-0  15414-3 0  9994
2 41783  97.8348 203.5071 0032746  90.5472 269.9486 14.67241425525418
ALSAT-1N
1 41789U 16059G   26208.97507464  .00001008  00000-0  17753-3 0  9995
2 41789  97.8022 210.5132 0027324  59.2722 301.1170 14.69368757525997
CAS-2T & KS-1Q
1 41847U 16066G   26208.82443717  .00000726  00000-0  11073-3 0  9997
2 41847  98.3807 284.0957 0341504   6.4801 354.0641 14.44788102510662
GOES-16
1 41866U 16071A   26208.86873138 -.00000087  00000-0  00000-0 0  9998
2 41866   0.4338  85.3793 0000885  77.2987 350.9036  1.00271926 35519
FENGYUN-4A
1 41882U 16077A   26208.84264458 -.00000354  00000-0  00000-0 0  9996
2 41882   2.4219  79.8160 0007022 164.7948 127.9273  1.00279705 35330
FOX-1B (AO-91)
1 43017U 17073E   26208.88239983  .00007941  00000-0  34286-3 0  9998
2 43017  97.4655  75.2685 0148898 187.3603 172.5444 15.13220217471544
CANX-2
1 32790U 08021H   26208.89120670  .00004671  00000-0  32572-3 0  9993
2 32790  97.8666 189.4740 0008600 266.5300  93.4943 15.05882799990930
AIST-2 (RS-43)
1 39133U 13015D   26208.94100405  .00006310  00000-0  24623-3 0  9990
2 39133  64.8691 124.0322 0016579 248.6085 111.3277 15.26687476730127
NANOSATC-BR1
1 40024U 14033Q   26208.56824771  .00018207  00000-0  57860-3 0  9996
2 40024  98.0707 244.5692 0004540  67.4374 292.7346 15.32691346660161
FUNCUBE-3 (EO-79)/QB50P1
1 40025U 14033R   26208.47693388  .00008325  00000-0  40273-3 0  9995
2 40025  98.0968 222.4658 0010532  89.7516 270.4923 15.18834389659141
QB50P2
1 40032U 14033Y   26208.44449845  .00007035  00000-0  37344-3 0  9999
2 40032  98.0767 207.8496 0008684  49.5503 310.6483 15.15651943658763
PERSEUS-M2
1 40037U 14033AD  26208.94243141  .00001384  00000-0  12997-3 0  9998
2 40037  97.9972 160.3197 0012252 157.4764 202.6997 14.95614448656875
PERSEUS-M1
1 40039U 14033AF  26208.84514097  .00001741  00000-0  16152-3 0  9994
2 40039  97.9652 153.6508 0012045 155.9212 204.2574 14.95746290656717
POLYITAN-1
1 40042U 14033AJ  26208.04018129  .00020958  00000-0  62643-3 0  9992
2 40042  98.0935 238.1111 0006607  26.8214 333.3368 15.34598444659708
TIGRISAT
1 40043U 14033AK  26207.93204972  .00001768  00000-0  20817-3 0  9998
2 40043  97.7878 357.0469 0047839 305.1364  54.5372 14.85280116651527
UKUBE-1
1 40074U 14037F   26208.48803102  .00009002  00000-0  49813-3 0  9993
2 40074  98.4249 216.0146 0002845  68.3441 291.8091 15.14124325654652
DEORBITSAIL
1 40719U 15032E   26208.53843813  .00008244  00000-0  59329-3 0  9994
2 40719  97.5868  64.6092 0014440  97.2879 262.9989 15.04387464597310
D-SAT
1 42794U 17036AF  26208.39231264  .00009183  00000-0  42248-3 0  9995
2 42794  97.5580 187.2160 0081492  23.6586 336.8361 15.17577143496955
CORVUS-BC2
1 42846U 17042X   26208.91319720  .00003422  00000-0  23521-3 0  9995
2 42846  97.4108   8.6950 0012160 339.3420  20.7315 15.06524531493193
CORVUS-BC1
1 42847U 17042Y   26208.90333582  .00003130  00000-0  21461-3 0  9994
2 42847  97.4138   9.5262 0010362 314.8212  45.2173 15.06687601493228
APRIZESAT-5
1 37792U 11044E   26208.74435916  .00000856  00000-0  11528-3 0  9994
2 37792  98.2447 142.9369 0050948 231.2147 128.4508 14.81145133804791
APRIZESAT-6
1 37793U 11044F   26208.26414197  .00000810  00000-0  12137-3 0  9997
2 37793  98.2325 119.5768 0042180 319.2420 157.6088 14.76972569803061
APRIZESAT-7
1 39416U 13066A   26208.33699700  .00001461  00000-0  14915-3 0  9999
2 39416  97.7730 160.9862 0037348  78.6976 281.8435 14.91645181687213
APRIZESAT-8
1 39425U 13066K   26208.83380791  .00000941  00000-0  10735-3 0  9999
2 39425  97.8236 155.7401 0046558 150.4877 209.8983 14.87714780685716
BUGSAT-1 (TITA)
1 40014U 14033E   26208.96440240  .00003761  00000-0  19788-3 0  9990
2 40014  98.0433 303.9097 0028550  44.0699 316.2800 15.15992658662017
SAUDISAT-4
1 40016U 14033G   26207.95196691  .00000601  00000-0  85910-4 0  9999
2 40016  97.7633 352.7239 0043497 305.0417  54.6717 14.79586625651955
TABLETSAT-AURORA
1 40017U 14033H   26208.90124531  .00005528  00000-0  27433-3 0  9998
2 40017  98.0233 285.4591 0012652  78.9181 281.3473 15.18095115661381
APRIZESAT-9
1 40018U 14033J   26208.25261615  .00000656  00000-0  10337-3 0  9994
2 40018  97.9108 340.4829 0067383  71.9534 288.9002 14.74266064649463
APRIZESAT-10
1 40019U 14033K   26208.80674923  .00000752  00000-0  12503-3 0  9990
2 40019  97.9695 334.8705 0079621 143.3230 217.3464 14.70926142648227
AISAT
1 40054U 14034B   26208.74022013  .00010651  00000-0  66671-3 0  9994
2 40054  98.2354 124.1191 0011143  86.8896 273.3605 15.09548660653329
COSMOS-2407 [+]
1 28380U 04028A   26208.54990647  .00000067  00000-0  52292-4 0  9994
2 28380  82.9581  44.9325 0040121 137.9963 240.0176 13.76337402105438
COSMOS-2414 [+]
1 28521U 05002A   26208.90773009  .00000098  00000-0  68760-4 0  9996
2 28521  82.9500  12.8365 0039376 211.5719 148.3082 13.87929922 89468
COSMOS-2463 [+]
1 36519U 10017A   26208.09101272  .00000055  00000-0  44529-4 0  9991
2 36519  82.9579 220.3857 0036642  21.6101  39.5044 13.71667763813403
NOAA-15
1 25338U 98030A   26208.84932499  .00000137  00000-0  73470-4 0  9993
2 25338  98.5065 228.3826 0009377 223.2715 136.7730 14.27157483467090
NOAA-18
1 28654U 05018A   26208.88802115  .00000055  00000-0  52211-4 0  9995
2 28654  98.8103 287.9722 0014845  39.1975 321.0270 14.13736068 92060
NOAA-19
1 33591U 09005A   26208.89412103  .00000035  00000-0  42301-4 0  9993
2 33591  98.9502 279.7942 0012687 275.4353  84.5372 14.13479816900236
SARAL
1 39086U 13009A   26208.89114555  .00000083  00000-0  46259-4 0  9996
2 39086  98.5559  34.9446 0002390 139.5531 220.5831 14.32898426701433
LAPAN-A3
1 41603U 16040E   26208.98127037  .00003361  00000-0  10653-3 0  9991
2 41603  97.1509 203.7981 0008817 220.3719 139.6870 15.33345758561061
METOP-A
1 29499U 06044A   26208.87003509  .00001032  00000-0  12546-3 0  9994
2 29499  98.3357 316.8565 0172445 299.8643 133.7320 14.76068359 31459
METEOR M1
1 35865U 09049A   26208.85282508  .00000073  00000-0  51850-4 0  9998
2 35865  98.7415 171.0399 0002203 162.1282 197.9974 14.23164913875035
METOP-B
1 38771U 12049A   26208.87549085  .00000110  00000-0  70167-4 0  9993
2 38771  98.6482 259.5578 0001696 198.0012 162.1106 14.21449297719040
METEOR M2
1 40069U 14037A   26208.90126910  .00000083  00000-0  57255-4 0  9999
2 40069  98.5141 183.2039 0004604 282.8787  77.1877 14.21472460625103
CSSWE
1 38761U 12048D   26207.69941589  .00035856  00000-0  69742-3 0  9996
2 38761  64.6642 319.4404 0038422 161.1649 199.0922 15.46598328122500
MCUBED-2
1 39469U 13072H   26208.29609730  .00019461  00000-0  69577-3 0  9996
2 39469 120.4879 147.0399 0148310  61.1204 300.4663 15.19174431123923
IPEX
1 39471U 13072K   26208.60689713  .00009436  00000-0  44406-3 0  9998
2 39471 120.4670  92.0514 0170160  44.5065 316.9535 15.08577678121332
FOX-1A (AO-85)
1 40967U 15058D   26208.86324159  .00004676  00000-0  41068-3 0  9996
2 40967  64.7749 152.5559 0133387  41.0327 320.0726 14.91171627119638
OOREOS
1 37224U 10062C   26208.37583125  .00002281  00000-0  21990-3 0  9996
2 37224  71.9710 349.2914 0014835 341.6995  18.3640 14.93893581122643
STARS (KUKAI)
1 33498U 09002G   26208.82205245  .00004484  00000-0  40481-3 0  9994
2 33498  98.1567 157.8001 0009786  45.1167 315.0846 14.96012796944550
YUBELEINY-2 (RS-40)
1 38735U 12041C   26208.93388111  .00000051  00000-0  29933-3 0  9991
2 38735  82.4738  49.2736 0017270 342.1017  17.9452 12.42650705634908
AIST-1
1 39492U 13078C   26208.95759464  .00001961  00000-0  17132-3 0  9997
2 39492  82.4134 231.3746 0017801 136.6774 223.5851 14.96165379681347
VELOX-1
1 40057U 14034E   26208.93641821  .00004853  00000-0  41397-3 0  9997
2 40057  98.2488 116.2529 0007935 132.0600 228.1297 14.98211241652703
DX1
1 40071U 14037C   26208.92183036  .00001678  00000-0  18003-3 0  9994
2 40071  98.3887 173.1045 0008138 131.6067 228.5847 14.90094448652172
COSMOS-2491 (RS-46) [i]
1 39497U 13076E   26208.97017492  .00000001  00000-0 -62625-4 0  9993
2 39497  82.4880 142.7960 0013550   6.9714 353.1552 12.43497766570324
COSMOS-2499 (RS-47) [i]
1 39765U 14028E   26208.98794508  .00000032  00000-0  87316-4 0  9997
2 39765  82.4463 224.8949 0230266 265.8305  91.6453 12.82903640570257
TRANSIT 5B-5
1 00965U 64083D   26208.44563648  .00000057  00000-0  66102-4 0  9990
2 00965  90.0767 203.3615 0042346 157.4359 355.7591 13.57016198 49070
EUTELSAT 1-F4 (ECS 4)
1 18351U 87078B   26208.90487646  .00000016  00000-0  00000-0 0  9997
2 18351  13.7996 341.8376 0009548  46.3903 322.2341  0.98686786127160
BISONSAT
1 40968U 15058E   26208.78840187  .00006346  00000-0  49579-3 0  9993
2 40968  64.7752 131.7380 0122028  37.4156 323.5376 14.96209274122732
DTUSAT-2
1 40030U 14033W   26207.99204239  .00007114  00000-0  37927-3 0  9997
2 40030  98.0882 208.2641 0009767  98.6017 261.6321 15.15486135658714
ELEKTRO-L2
1 41105U 15074A   26208.88658970 -.00000117  00000-0  00000-0 0  9997
2 41105   6.7928  70.0173 0000554 223.0366 317.2115  1.00272864 38910
DOVE-3
1 39429U 13066P   26208.89333278  .00002280  00000-0  30306-3 0  9991
2 39429  97.6588  66.6583 0111800 252.4100 106.4873 14.76425337677013
FORTE
1 24920U 97047A   26208.65316343  .00000154  00000-0  85398-4 0  9990
2 24920  69.9534 282.6188 0023963 228.2087 131.6989 14.27959553504468
DMSP 5D-2 F15/USA-147
1 25991U 99067A   26208.88787291  .00000156  00000-0  99529-4 0  9995
2 25991  98.9944 247.9471 0008944 243.6714 221.0944 14.17575332376418
CASSIOPE-1
1 39265U 13055A   26208.85913660  .00020358 -44686-6  21766-3 0  9993
2 39265  80.9133  17.1979 0280772 284.8570  72.1724 15.27898290673870
D-STAR ONE PHOENIX
1 43188U 18014J   26208.70095329  .00005148  00000-0  26361-3 0  9990
2 43188  97.5335 113.4440 0007132 225.5955 134.4695 15.17024714464908
S-NET D
1 43186U 18014G   26208.24057054  .00004801  00000-0  24622-3 0  9993
2 43186  97.5320 112.7823 0006507 231.5980 128.4669 15.17011954464835
TEN-KOH
1 43677U 18084G   26208.80045281  .00002225  00000-0  16981-3 0  9993
2 43677  98.0767  42.8769 0009001 354.9589   5.1543 15.03096649422262
STARS-AO
1 43679U 18084J   26208.56658033  .00006188  00000-0  31276-3 0  9999
2 43679  98.0455  65.0307 0003104  55.2029 304.9495 15.17463344423599
LUOJIA-1 01
1 43485U 18048B   26208.94273203  .00001047  00000-0  12172-3 0  9991
2 43485  97.8097 286.4757 0008707 357.6677   2.4498 14.87416625440276
DIWATA-2B (PO-101)
1 43678U 18084H   26208.98055212  .00001903  00000-0  15567-3 0  9999
2 43678  98.1218  46.9794 0011980  44.1003 316.1173 15.00603567422338
ESHAIL-2
1 43700U 18090A   26208.86433946  .00000148  00000-0  00000-0 0  9996
2 43700   0.0179  66.3221 0002450  89.7448 126.4016  1.00270989 28088
K2SAT
1 43761U 18099D   26208.86919845  .00002566  00000-0  17655-3 0  9992
2 43761  97.4159 248.1993 0010849 198.1822 161.9020 15.06719708418238
AISTECHSAT-2
1 43768U 18099L   26208.55969678  .00005940  00000-0  31413-3 0  9991
2 43768  97.4273 255.7140 0005765 144.0497 216.1125 15.15823052418393
SNUSAT-2
1 43782U 18099AA  26208.89456981  .00009850  00000-0  42822-3 0  9992
2 43782  97.4039 261.6621 0011380 146.1344 214.0621 15.22416734419227
ITASAT-1
1 43786U 18099AE  26208.59279899  .00006692  00000-0  31763-3 0  9997
2 43786  97.4008 259.3044 0011852 203.1284 156.9419 15.19517234419043
EAGLET-1
1 43790U 18099AJ  26208.59194552  .00004050  00000-0  23137-3 0  9996
2 43790  97.4212 257.1915 0010584 197.0260 163.0618 15.13215458418444
ESEO
1 43792U 18099AL  26208.55668342  .00001507  00000-0  11211-3 0  9991
2 43792  97.3961 244.2150 0011691 185.8546 174.2546 15.04359715417871
MINXSS-2
1 43758U 18099A   26208.87323428  .00045131  00000-0  81089-3 0  9992
2 43758  97.4515 286.4274 0008615 120.8219 239.3881 15.49703486420429
FOX-1CLIFF (AO-95)
1 43770U 18099N   26208.11357203  .00012081  00000-0  45114-3 0  9998
2 43770  97.4370 268.2282 0008376 194.4356 165.6646 15.27498002419319
CORVUS-BC4
1 43767U 18099K   26208.07763036  .00004599  00000-0  26556-3 0  9998
2 43767  97.4048 249.8920 0007358 212.2968 147.7814 15.12781167418439
CZ-4B R/B
1 43656U 18081B   26208.71485778  .00000084  00000-0  41790-4 0  9994
2 43656  99.3651 129.8669 0205120 149.7889 211.5308 14.31875171405104
COSMOS 2504 [i]
1 40555U 15020D   26208.97825528  .00000199  00000-0  65672-4 0  9990
2 40555  82.5153 199.7647 0608073 163.2963 198.9232 13.61398608555747
MERIDIAN-6
1 38995U 12063A   26208.45467731  .00000052  00000-0  00000-0 0  9998
2 38995  63.9699 349.3919 7360931 228.1597  40.6662  2.00745454100319
MERIDIAN-7
1 40296U 14069A   26208.56383969  .00000287  00000-0  00000-0 0  9995
2 40296  63.4519 211.3864 6633578 270.2970  19.9081  2.00599332 86040
METOP-C
1 43689U 18087A   26208.89273357  .00000113  00000-0  71284-4 0  9997
2 43689  98.6621 267.7469 0001980  77.8019 282.3381 14.21505715400614
FENGYUN-3B
1 37214U 10059A   26208.97839534 -.00000128  00000-0 -42755-4 0  9998
2 37214  98.9607 255.1604 0023153  72.2422  47.4915 14.14849093813199
FENGYUN-3C
1 39260U 13052A   26208.96365813  .00000086  00000-0  65049-4 0  9992
2 39260  98.5020 180.9730 0013424 266.1453  93.8187 14.15763176664334
EWS-G1 (GOES-13)
1 29155U 06018A   26208.78494543 -.00000112  00000-0  00000-0 0  9994
2 29155   4.6342  75.9270 0059755 279.2618  64.5643  0.98789159 43640
FENGYUN-2H
1 43491U 18050A   26208.97640035 -.00000123  00000-0  00000-0 0  9994
2 43491   3.1326  78.5922 0002149 121.9587 175.5315  1.00267377 29843
FENGYUN-2G
1 40367U 14090A   26207.07336484 -.00000303  00000-0  00000-0 0  9993
2 40367   5.7346  72.3384 0003750 172.4433 185.0012  1.00276800 42381
INMARSAT 4-F1
1 28628U 05009A   26208.78208542  .00000035  00000-0  00000-0 0  9992
2 28628   5.2229  42.7900 0002934  83.7514 278.5812  1.00272618 78089
INMARSAT 4-F2
1 28899U 05044A   26208.84654461 -.00000258  00000-0  00000-0 0  9991
2 28899   5.1468  43.6934 0002844  65.4892 284.5934  1.00271706 75925
INMARSAT 4-F3
1 33278U 08039A   26208.65617347 -.00000137  00000-0  00000-0 0  9992
2 33278   4.3289  31.7071 0002503 108.1207 303.7169  1.00270933 46957
INMARSAT 4A-F4 (ALPHASAT)
1 39215U 13038A   26208.86392280  .00000138  00000-0  00000-0 0  9993
2 39215   2.9996   1.0383 0003276 149.4713 130.9120  1.00266904 44427
ASTROCAST
1 43798U 18099AS  26208.65101985  .00042217  00000-0  69295-3 0  9991
2 43798  97.4368 288.4884 0004823  93.7760 266.4044 15.52300155420707
JY1SAT (JO-97)
1 43803U 18099AX  26208.59708709  .00018998  00000-0  56269-3 0  9994
2 43803  97.4108 271.6001 0007316 122.2750 237.9203 15.34889602419828
SUOMI-100
1 43804U 18099AY  26208.13109425  .00014100  00000-0  49760-3 0  9994
2 43804  97.4171 268.3937 0011350 134.6311 225.5857 15.29289817419524
GEO-KOMPSAT-2A
1 43823U 18100A   26208.84351125 -.00000340  00000-0  00000-0 0  9995
2 43823   0.0131 104.0882 0002404   1.3318 272.0176  1.00271060 28031
UWE-4
1 43880U 18111E   26208.82706495  .00038261  00000-0  71667-3 0  9994
2 43880  97.5830 139.1635 0008189 152.6557 207.5126 15.48551863417069
D-STAR ONE SPARROW
1 43881U 18111F   26207.79487216  .00382160  57615-4  11751-2 0  9992
2 43881  97.6058 152.8609 0009892 142.2872 217.9096 15.91719135417633
METEOR M2-2
1 44387U 19038A   26208.91705505 -.00000138  00000-0 -39717-4 0  9992
2 44387  98.9170 196.8086 0000114 219.9887 140.1283 14.24375153367099
MOMENTUS-X1
1 44408U 19038Y   26208.88186053  .00057117  00000-0  46990-3 0  9990
2 44408  97.6720 258.0949 0007188 200.8543 159.2426 15.70211047392939
MERIDIAN-8
1 44453U 19046A   26208.09883278 -.00000053  00000-0  00000-0 0  9992
2 44453  63.1695  45.5830 7085156 274.9715  14.5710  2.00597659 51146
TAURUS-1
1 44530U 19059C   26208.95168547  .00006937  00000-0  11003-2 0  9995
2 44530  98.6441  16.3280 0008864 175.6228 184.5056 14.72486447364646
GAOFEN 12-01
1 44819U 19082A   26208.96997654  .00000432  00000-0  63024-4 0  9997
2 44819  97.8116 214.2760 0000607  98.5230 261.6051 14.80488668360128
CAS-6 (TO-108)
1 44881U 19093C   26208.90264127  .00001169  00000-0  13781-3 0  9996
2 44881  97.7519 280.1383 0012475 318.7099  41.3173 14.86578721357469
ELEKTRO-L3
1 44903U 19095A   26208.72319359 -.00000093  00000-0  00000-0 0  9994
2 44903   0.3570  82.4956 0001737  26.1034 173.1368  1.00272111 24117
DOSAAF-85 (RS-44)
1 44909U 19096E   26208.26799597 -.00000004  00000-0 -66215-4 0  9993
2 44909  82.5246 313.0750 0218249  50.8858 311.1425 12.79748797307473
MERIDIAN-9
1 45254U 20015A   26208.34691795  .00000025  00000-0  00000-0 0  9997
2 45254  65.5455 314.7466 6845803 277.2159  15.8014  2.00609946 47095
DEKART
1 46493U 20068H   26209.00587225  .00013718  00000-0  36600-3 0  9998
2 46493  97.8743 221.2265 0010418 132.5890 227.6234 15.38213627322043
NORBY
1 46494U 20068J   26208.91156211  .00027901  00000-0  49553-3 0  9995
2 46494  97.8612 228.5168 0008520 108.1949 252.0229 15.50138839322519
SALSAT (TUBSAT 22)
1 46495U 20068K   26207.97313825  .00007917  00000-0  27242-3 0  9993
2 46495  97.8862 213.4781 0010474 153.1467 207.0317 15.30316182321443
NETSAT-4
1 46504U 20068U   26208.48737314  .00018392  00000-0  38975-3 0  9998
2 46504  97.8607 220.0063 0006200 154.8949 205.2601 15.45132743321994
NETSAT-3
1 46505U 20068V   26208.26462977  .00019149  00000-0  42182-3 0  9991
2 46505  97.8654 217.9334 0005424 168.4948 191.6424 15.43981692321860
NETSAT-1
1 46506U 20068W   26208.48491834  .00013167  00000-0  38393-3 0  9993
2 46506  97.8753 212.0146 0003616 200.1060 160.0040 15.35501131321487
NETSAT-2
1 46507U 20068X   26208.27279729  .00024070  00000-0  46743-3 0  9991
2 46507  97.8614 219.8268 0003922 167.5714 192.5632 15.47638218321933
ARKTIKA-M1
1 47719U 21016A   26206.87236863 -.00000386  00000-0  00000-0 0  9995
2 47719  63.2598  51.9767 7301002 270.1217  14.4714  2.00607275 39564
UNISAT-7
1 47945U 21022P   26208.54928484  .00014890  00000-0  35681-3 0  9996
2 47945  97.3849 113.9153 0006539 294.0674  65.9888 15.41495043296073
CSS (TIANHE-1)
1 48274U 21035A   26208.71262562  .00019844  00000-0  25636-3 0  9996
2 48274  41.4686  75.9459 0001215 307.6750  52.3978 15.58480055299490
FENGYUN-4B
1 48808U 21047A   26208.04489524 -.00000326  00000-0  00000-0 0  9998
2 48808   0.2482  80.4830 0006760 275.1080  70.0078  1.00274540 18960
JILIN-01 GAOFEN 2F
1 49338U 21097A   26208.84619817  .00004555  00000-0  29868-3 0  9993
2 49338  97.6738 334.9610 0019911  89.4799 270.8710 15.08028707262443
TEIKYOSAT-4 (OORURI)
1 49396U 21102B   26208.82020631  .00002229  00000-0  14214-3 0  9997
2 49396  97.3661 236.7240 0012957 146.6555 213.5493 15.09638198258850
Z-SAT
1 49399U 21102E   26208.92459088  .00003295  00000-0  16209-3 0  9993
2 49399  97.3313 243.0136 0018375 103.6772 256.6510 15.18548102259625
KOSEN-1
1 49402U 21102H   26208.04680001  .00008110  00000-0  30435-3 0  9990
2 49402  97.3170 249.4378 0015125  70.6784 289.6090 15.27365220260107
CAMSAT XW-3 (CAS-9)
1 50466U 21131B   26208.94200046  .00000160  00000-0  63008-4 0  9990
2 50466  98.4989 301.1117 0003728 355.0808   5.0344 14.41390036240983
GOES-18
1 51850U 22021A   26208.64846009  .00000000  00000-0  00000-0 0  9991
2 51850   0.0190  88.0417 0000470  68.5374 245.1922  1.00270373  6995
MERIDIAN-10
1 52145U 22030A   26208.34606152  .00000111  00000-0  00000-0 0  9992
2 52145  62.6776 136.4493 6795146 272.8344  17.5905  2.00607085 31831
BRO-6
1 52422U 22047AE  26208.95062426  .00049605  00000-0  77770-3 0  9997
2 52422  97.3394 300.8706 0003840 247.6990 112.3856 15.53547568237476
STEP CUBELAB-II
1 52897U 22065D   26208.95746097  .00000732  00000-0  15109-3 0  9992
2 52897  98.2272 352.7458 0007233 255.3554 104.6846 14.63359346217464
RANDEV
1 52898U 22065E   26208.94773182  .00000844  00000-0  17115-3 0  9990
2 52898  98.2257 353.1060 0006571 255.5572 104.4901 14.63749161217219
SNUGLITE-II
1 52899U 22065F   26207.93510861  .00001039  00000-0  20556-3 0  9992
2 52899  98.2251 352.7073 0006200 256.3035 103.7477 14.64412659216810
MIMAN
1 52900U 22065G   26208.36324128  .00000585  00000-0  12649-3 0  9991
2 52900  98.2311 350.6552 0006312 258.3562 101.6931 14.61882838216314
GREENCUBE (IO-117)
1 53106U 22080B   25051.21822557 -.00000003  00000-0  00000 0 0  9995
2 53106  70.1434 106.3440 0008542  48.0089 312.1297  6.42557744 61200
ROBUSTA 1F (MTCUBE-2)
1 53109U 22080E   26208.18285488 -.00000003  00000-0  00000-0 0  9996
2 53109  70.1377 284.3383 0009094 280.8075  79.1561  6.42583419 94631
BLUEWALKER-3
1 53807U 22111AL  26208.71568858  .00006802  00000-0  18507-3 0  9996
2 53807  53.2271 203.6325 0005036 318.2238  41.8383 15.38735658216442
ELEKTRO-L4
1 55506U 23016A   26208.69132024 -.00000055  00000-0  00000-0 0  9999
2 55506   0.0917 282.0605 0001707 258.4722 179.4563  1.00271298 12747
SHARJAHSAT-1
1 55104U 23001CZ  26208.98284257  .00022542  00000-0  39541-3 0  9994
2 55104  97.3144 278.3508 0003721 327.1239  32.9781 15.50557887198816
METEOR M2-3
1 57166U 23091A   26208.92081207  .00000001  00000-0  19119-4 0  9993
2 57166  98.6060 263.0602 0004913  61.5404 298.6270 14.24049723160313
RESHUCUBE-2 (RS37S)
1 57168U 23091C   26208.86088613  .00010075  00000-0  38036-3 0  9996
2 57168  97.5006 271.3813 0009775 330.5159  29.5527 15.27177217170463
RASSVET 1-1
1 57169U 23091D   26208.88167061  .00008727  00000-0  35450-3 0  9992
2 57169  97.5091 270.5157 0008468 326.2101  33.8596 15.24784068170365
RASSVET 1-2
1 57170U 23091E   26208.88183044  .00008867  00000-0  36023-3 0  9995
2 57170  97.5096 270.5963 0007266 317.1126  42.9544 15.24784796170360
RASSVET 1-3
1 57171U 23091F   26208.88141846  .00008863  00000-0  35989-3 0  9996
2 57171  97.5092 270.5443 0009458 337.6009  22.4815 15.24785238170368
UMKA-1 (RS40S)
1 57172U 23091G   26208.88154481  .00006085  00000-0  27516-3 0  9997
2 57172  97.5030 267.4277 0011744 345.1700  14.9189 15.21243664170194
SATURN (RS43S)
1 57174U 23091J   26208.89945740  .00004286  00000-0  23798-3 0  9995
2 57174  97.5033 261.4160 0013271  14.8338 345.3280 15.14189765169798
CUBEBEL-2 (EU11S)
1 57175U 23091K   26208.87314991  .00014418  00000-0  49682-3 0  9990
2 57175  97.5032 272.4745 0008261 339.6587  20.4323 15.30093997170527
SITRO-AIS-5 (ANOKHIN)
1 57176U 23091L   26208.88324995  .00012692  00000-0  43469-3 0  9996
2 57176  97.5043 273.1886 0009513 324.3011  35.7592 15.30313066170561
ZORKIY-2M
1 57177U 23091M   26208.86482666  .00007035  00000-0  31618-3 0  9993
2 57177  97.5071 267.7082 0012141 341.5657  18.5137 15.21388700170187
CUBESX-HSE-3 (RS42S)
1 57178U 23091N   26208.87374419  .00014118  00000-0  45641-3 0  9992
2 57178  97.5075 274.9967 0008672 311.8997  48.1504 15.32159538170651
PHI-DEMO
1 57181U 23091R   26208.85730615  .00002920  00000-0  16084-3 0  9995
2 57181  97.5044 262.2675 0014834   3.6953 356.4386 15.14716977169840
MONITOR-3 (RS58S)
1 57180U 23091Q   26208.85967467  .00011472  00000-0  41450-3 0  9998
2 57180  97.5065 272.6196 0009837 321.8958  38.1585 15.28588067170504
NORBY-2
1 57179U 23091P   26208.85990763  .00004190  00000-0  21631-3 0  9999
2 57179  97.5073 264.4495 0014155 350.9109   9.1865 15.16781445169950
MONITOR-4 (RS57S)
1 57182U 23091S   26208.90190409  .00011267  00000-0  40605-3 0  9993
2 57182  97.5059 272.6356 0009838 322.0323  38.0222 15.28678146170513
MONITOR-2 (RS39S)
1 57184U 23091U   26208.88913677  .00005134  00000-0  24652-3 0  9992
2 57184  97.5051 266.9118 0010125 339.2685  20.8137 15.19254053170130
SVYATOBOR-1 (RS60S)
1 57187U 23091X   26208.88605507  .00009500  00000-0  35826-3 0  9991
2 57187  97.5071 272.9403 0007648 315.2578  44.8043 15.27247387170526
VIZARD-METEO (RS38S)
1 57189U 23091Z   26208.84703017  .00018043  00000-0  49633-3 0  9997
2 57189  97.5075 279.1771 0005214 282.5332  77.5329 15.37232408170934
SITRO-AIS-6 (CHIRKIN)
1 57192U 23091AC  26208.89249456  .00010521  00000-0  40346-3 0  9993
2 57192  97.5050 272.0965 0009966 329.6163  30.4497 15.26642918170495
SITRO-AIS-8 (SHCHUKIN)
1 57193U 23091AD  26208.89228063  .00015851  00000-0  49632-3 0  9993
2 57193  97.5040 274.9572 0008465 318.1299  41.9295 15.33157808170687
SITRO-AIS-7 (SHEFFER)
1 57194U 23091AE  26208.83865504  .00010349  00000-0  40087-3 0  9997
2 57194  97.5045 271.8454 0009940 331.1780  28.8908 15.26311714170479
AVION KALUGA 650 (RS24S)
1 57195U 23091AF  26208.89693457  .00006093  00000-0  27969-3 0  9995
2 57195  97.5070 268.3130 0009183 337.1518  22.9307 15.20746729170216
SITRO-AIS-10 (KATYS)
1 57199U 23091AK  26208.81213000  .00022861  00000-0  57283-3 0  9996
2 57199  97.5064 280.3628 0004461 281.5120  78.5625 15.40061780171012
SITRO-AIS-9 (BURDAEV)
1 57201U 23091AM  26208.85192117  .00022961  00000-0  58528-3 0  9993
2 57201  97.5064 280.1008 0004698 283.0337  77.0383 15.39535698171001
UTMN-2 (RS27S)
1 57203U 23091AP  26208.86951585  .00014485  00000-0  45674-3 0  9998
2 57203  97.5071 276.6754 0006010 296.2413  63.8211 15.32971516170772
SITRO-AIS-12 (FARTUSHNY)
1 57204U 23091AQ  26208.89975705  .00022189  00000-0  56024-3 0  9993
2 57204  97.5077 280.6427 0004451 274.3323  85.7414 15.39834543171038
AHMAT-1 (RS41S)
1 57206U 23091AS  26208.86480327  .00129339  00000-0  10355-2 0  9994
2 57206  97.5010 291.4324 0004918 214.0360 146.0587 15.70649389171762
SITRO-AIS-11 (SMIRENNY)
1 57208U 23091AU  26208.90156762  .00024711  00000-0  61418-3 0  9999
2 57208  97.5074 280.9177 0004426 273.1849  86.8891 15.40293653171052
KUZGTU-1 (RS47S)
1 57217U 23091AV  26208.90197847  .00012854  00000-0  43479-3 0  9990
2 57217  97.5046 273.8156 0008969 317.0725  42.9814 15.30719915170607
METEOR M2-4
1 59051U 24039A   26208.98173995  .00000023  00000-0  29775-4 0  9996
2 59051  98.7043 167.7725 0008081  56.8067 303.3884 14.22433345125061
PARS-1
1 59065U 24039Q   26208.95836944  .00012346  00000-0  25002-3 0  9997
2 59065  97.4844 191.1936 0007957 340.2443  19.8497 15.46536069134945
SITRO-AIS-25
1 59066U 24039R   26208.97559000  .00005301  00000-0  41053-3 0  9992
2 59066  95.3889 263.1195 0144092 184.4554 175.5401 14.93721314130819
SITRO-AIS-26
1 59067U 24039S   26208.91560794  .00004370  00000-0  34060-3 0  9994
2 59067  95.3891 262.9676 0144372 185.3173 174.6528 14.93510110130799
SITRO-AIS-27
1 59068U 24039T   26208.94131703  .00003912  00000-0  30246-3 0  9995
2 59068  95.3888 263.2763 0143520 183.8171 176.1974 14.93933726130820
SITRO-AIS-28
1 59071U 24039U   26208.98482971  .00004579  00000-0  35329-3 0  9996
2 59071  95.3895 263.3556 0143395 183.4219 176.6041 14.93973273130834
SONATE-2
1 59112U 24043Q   26208.22316400  .00047291  00000-0  54648-3 0  9990
2 59112  97.5561   1.1774 0006073  64.9454 295.2433 15.61737721134131
HORS-1
1 57188U 23091Y   26208.86853337  .00009803  00000-0  36828-3 0  9995
2 57188  97.5049 272.6800 0007107 315.3964  44.6702 15.27369231170523
HORS-2
1 57196U 23091AG  26208.91143243  .00013794  00000-0  43688-3 0  9994
2 57196  97.5072 276.5180 0005992 301.7159  58.3498 15.32841450170761
ZORKIY-2M 6
1 59774U 24092B   26208.93904440  .00010770  00000-0  37961-3 0  9994
2 59774  97.6532 339.1896 0009226  47.0654 313.1358 15.29429899121769
ZORKIY-2M 4
1 59775U 24092C   26208.90058038  .00011356  00000-0  39132-3 0  9998
2 59775  97.6677 341.1229 0009305  49.1155 311.0890 15.30149900121807
SITRO-AIS-53
1 59776U 24092D   26208.37497348  .00020329  00000-0  53885-3 0  9992
2 59776  97.6612 343.1652 0006325  17.3516 342.7943 15.38351775121922
SITRO-AIS-54
1 59777U 24092E   26208.84704129  .00022876  00000-0  60709-3 0  9995
2 59777  97.6614 343.6090 0006381  15.4633 344.6805 15.38289345121995
SITRO-AIS-56
1 59778U 24092F   26208.80238410  .00023440  00000-0  60587-3 0  9999
2 59778  97.6609 343.9339 0006479  14.7654 345.3779 15.39097141122016
RASSVET 1-4
1 59779U 24092G   26208.89479865  .00000130  00000-0  65263-4 0  9998
2 59779  98.6743 327.9004 0013084  89.3459 270.9224 14.31858534114728
RASSVET 1-5
1 59780U 24092H   26208.89466117  .00000164  00000-0  77838-4 0  9994
2 59780  98.6742 327.8925 0013432  90.8177 269.4545 14.31861257114726
RASSVET 1-6
1 59781U 24092J   26208.89319468  .00000154  00000-0  74054-4 0  9997
2 59781  98.6741 327.8967 0013324  90.9915 269.2794 14.31861649114722
SITRO-AIS-55
1 59809U 24092K   26208.84386739  .00021492  00000-0  57558-3 0  9995
2 59809  97.6608 343.3953 0006490  15.5501 344.5942 15.38021358121488
MESAT-1
1 60209U 24125G   26208.56728356  .00072898  00000-0  65509-3 0  9993
2 60209  97.2225  67.0961 0009862  74.8447 285.3905 15.67967255115882
ISTSAT-1
1 60238U 24128D   26208.99369204  .00007806  00000-0  45819-3 0  9997
2 60238  61.9880  61.7978 0032895 139.4663 220.8891 15.12062695112630
IONOSFERA-M 01
1 61735U 24199A   26208.91240268  .00000063  00000-0  47684-4 0  9999
2 61735  98.7116  81.6442 0001895  55.1671 304.9685 14.22761171133496
IONOSFERA-M 02
1 61736U 24199B   26208.87627829  .00000059  00000-0  45954-4 0  9990
2 61736  98.7114  81.5188 0001014 129.7868 230.3400 14.22764384136613
SITRO-AIS-16
1 61737U 24199C   26208.84525314  .00002800  00000-0  24303-3 0  9994
2 61737  97.3229  45.6388 0004812 297.7400  62.3335 14.97781815137909
SITRO-AIS-15
1 61738U 24199D   26208.82903724  .00003491  00000-0  30176-3 0  9990
2 61738  97.3218  45.6628 0004385 294.7758  65.3009 14.97790937137909
SITRO-AIS-21
1 61739U 24199E   26208.82915752  .00003193  00000-0  29425-3 0  9999
2 61739  97.3241  43.9485 0010703 288.9691  71.0371 14.95298444137821
SITRO-AIS-22
1 61740U 24199F   26208.83751550  .00002889  00000-0  26150-3 0  9999
2 61740  97.3241  44.2325 0010683 288.2977  71.7082 14.96079542137998
SITRO-AIS-24
1 61741U 24199G   26208.81596474  .00002874  00000-0  25858-3 0  9998
2 61741  97.3233  44.2708 0010724 288.3105  71.6951 14.96319885137963
SITRO-AIS-23
1 61742U 24199H   26208.82420149  .00003235  00000-0  29211-3 0  9994
2 61742  97.3234  44.2507 0010530 288.6951  71.3128 14.96102094137841
SITRO-AIS-13
1 61743U 24199J   26208.81043458  .00002781  00000-0  23969-3 0  9997
2 61743  97.3205  45.8224 0004994 292.1496  67.9197 14.98059778138079
CSTP-2.11
1 61744U 24199K   26208.83244337  .00037412  00000-0  57420-3 0  9997
2 61744  97.2896  84.7096 0009382 121.8765 238.3403 15.54152426140677
POLYTECH UNIVERSE-5 (RS70S)
1 61745U 24199L   26208.89857286  .00080990  00000-0  78174-3 0  9995
2 61745  97.2889  87.9388 0007679 113.1166 247.0904 15.66187931144045
COLIBRI-S (RS67S)
1 61746U 24199M   26208.90129709  .00025462  00000-0  46473-3 0  9990
2 61746  97.2935  83.1605 0009848 123.3366 236.8830 15.49356118143716
POLYTECH UNIVERSE-4 (RS71S)
1 61747U 24199N   26208.88524271  .00021582  00000-0  42855-3 0  9990
2 61747  97.2941  82.2870 0010518 123.9517 236.2735 15.46951363143659
SITRO-AIS-44
1 61748U 24199P   26208.59866142  .00132016  00000-0  84762-3 0  9993
2 61748  97.2800  89.5111 0007090 117.2686 242.9303 15.75823485144130
VIZARD-ION (RS68S)
1 61749U 24199Q   26208.89941367  .00045059  00000-0  60130-3 0  9993
2 61749  97.2923  86.0316 0008347 115.9849 244.2268 15.57927814143908
MTUSI-1
1 61750U 24199R   26208.89704040  .00043131  00000-0  57130-3 0  9995
2 61750  97.2895  85.4758 0008283 124.5803 235.6236 15.58136817143888
VLADIVOSTOK-1
1 61751U 24199S   26208.90624159  .00010054  00000-0  27525-3 0  9993
2 61751  97.2943  78.0676 0010363 150.4213 209.7620 15.37474488143396
SITRO-AIS-14
1 61752U 24199T   26208.87403324  .00002742  00000-0  23771-3 0  9993
2 61752  97.3208  45.7495 0005103 292.2113  67.8568 14.97847007141211
HORS-3 (RS81S)
1 61753U 24199U   26208.78801956  .00041335  00000-0  55509-3 0  9992
2 61753  97.2915  85.5073 0008201 120.9821 239.2242 15.57777920143876
HORS-4 (RS82S)
1 61754U 24199V   26208.86817648  .00064767  00000-0  69235-3 0  9992
2 61754  97.2854  87.0858 0007678 116.2735 243.9314 15.63661012143992
SITRO-AIS-43
1 61755U 24199W   26208.77763567  .00141949  00000-0  86972-3 0  9998
2 61755  97.2819  89.9245 0006877 114.6162 245.5821 15.76868340144170
SITRO-AIS-42
1 61756U 24199X   26208.85166255  .00130187  00000-0  87536-3 0  9998
2 61756  97.2820  89.9704 0006811 141.7324 218.4426 15.74764586144188
SITRO-AIS-20
1 61758U 24199Z   26208.84780270  .00002594  00000-0  22345-3 0  9995
2 61758  97.3226  45.9053 0004307 303.7348  56.3465 14.98137379141227
SITRO-AIS-19
1 61759U 24199AA  26208.85192365  .00002251  00000-0  19463-3 0  9996
2 61759  97.3223  45.9037 0004501 305.0256  55.0544 14.98109747141228
SITRO-AIS-41
1 61760U 24199AB  26208.64680504  .00125090  00000-0  84145-3 0  9998
2 61760  97.2839  89.4185 0006759 114.0884 246.1089 15.74769905144123
NORBY-3
1 61761U 24199AC  26208.84608053  .00050274  00000-0  61486-3 0  9994
2 61761  97.2849  86.3434 0007547 114.3284 245.8762 15.60227604143944
SIT-HSE
1 61763U 24199AE  26208.87139807  .00043155  00000-0  63141-3 0  9995
2 61763  97.2911  85.8622 0006877 119.9897 240.2041 15.55459754143907
SIT-2086
1 61764U 24199AF  26208.87987246  .00047289  00000-0  67967-3 0  9996
2 61764  97.2872  85.9363 0008881 109.4875 250.7340 15.55907983140754
HOD-HOD
1 61768U 24199AK  26208.80978920  .00027725  00000-0  47093-3 0  9993
2 61768  97.2912  84.1245 0007371 130.0998 230.0901 15.51404183140633
KOSAR
1 61769U 24199AL  26208.92925142  .00038889  00000-0  54743-3 0  9998
2 61769  97.2878  85.7245 0006415 119.5190 240.6705 15.56535847140755
SITRO-AIS-48
1 61771U 24199AN  26208.83209857  .00063993  00000-0  73345-3 0  9992
2 61771  97.2860  85.7987 0009100 128.4445 231.7631 15.61853237140760
HYPERVIEW-1G (RS66S)
1 61772U 24199AP  26208.59173631  .00496885  97863-4  15216-2 0  9995
2 61772  97.2760  90.7520 0008151 135.1884 225.0050 15.91832809141066
SITRO-AIS-47
1 61773U 24199AQ  26208.84976214  .00065748  00000-0  72594-3 0  9998
2 61773  97.2840  86.0628 0008599 125.3571 234.8493 15.62817986140787
SITRO-AIS-46
1 61774U 24199AR  26208.85623674  .00075159  00000-0  76249-3 0  9997
2 61774  97.2811  86.5864 0008437 126.9010 233.3025 15.64946872140828
CSTP-2.2
1 61775U 24199AS  26208.89088801  .00018511  00000-0  38495-3 0  9999
2 61775  97.2929  81.3858 0016004 126.3105 233.9625 15.45552542140450
SITRO-AIS-40
1 61776U 24199AT  26208.88898873  .00082069  00000-0  81809-3 0  9993
2 61776  97.2819  86.7114 0008233 125.6157 234.5871 15.65369035143983
CSTP-2.1
1 61777U 24199AU  26208.88548145  .00020215  00000-0  40067-3 0  9994
2 61777  97.2930  81.6913 0016260 124.8381 235.4401 15.46932433140475
SITRO-AIS-39
1 61778U 24199AV  26208.88970119  .00065733  00000-0  75696-3 0  9995
2 61778  97.2827  85.6692 0008607 125.3762 234.8301 15.61729338140763
ALTAIR (RS65S)
1 61779U 24199AW  26208.85725205  .00010800  00000-0  29295-3 0  9996
2 61779  97.2978  77.9486 0013449 151.9697 208.2275 15.37706034143363
SITRO-AIS-37
1 61780U 24199AX  26208.92505049  .00067935  00000-0  74073-3 0  9993
2 61780  97.2855  86.1889 0009094 126.2255 233.9846 15.63127001140797
ASRTU-1 (RS64S/BJ2CR)
1 61781U 24199AY  26208.88289259  .00008431  00000-0  24034-3 0  9999
2 61781  97.2948  77.1906 0014395 155.4683 204.7250 15.36217087140171
SAMSAT-IONOSPHERE (RS75S)
1 61784U 24199BB  26208.87067603  .00059738  00000-0  69978-3 0  9990
2 61784  97.2877  85.8091 0010164 123.1771 237.0463 15.61289650143908
RTU MIREA-1 (RS51S)
1 61785U 24199BC  26208.92004173  .00081594  00000-0  79767-3 0  9992
2 61785  97.2861  86.9314 0010034 119.8817 240.3441 15.65839700140834
SITRO-AIS-38
1 61786U 24199BD  26208.86304204  .00034895  00000-0  59717-3 0  9999
2 61786  97.2882  83.5516 0010121 132.7427 227.4679 15.51121366140615
2024-199BE (? SWSU-60)
1 61787U 24199BE  26208.88185104  .00009992  00000-0  27619-3 0  9994
2 61787  97.2955  77.5455 0013982 153.1099 207.0874 15.37134421143346
SITRO-AIS-45
1 61788U 24199BF  26208.89865306  .00067705  00000-0  76900-3 0  9998
2 61788  97.2826  85.7782 0008608 125.9076 234.2982 15.62079595140751
SITRO-AIS-17
1 61789U 24199BG  26208.83914654  .00003622  00000-0  31014-3 0  9999
2 61789  97.3227  45.9487 0004191 310.3300  49.7557 14.98142561138128
SITRO-AIS-18
1 61790U 24199BH  26208.85361732  .00002176  00000-0  18837-3 0  9997
2 61790  97.3222  45.9064 0004618 306.5243  53.5555 14.98097495138129
INNOCUBE (TUBSAT-31)
1 62616U 25009H   26208.65616871  .00007886  00000-0  29998-3 0  9994
2 62616  97.3899 288.2346 0006072 173.8569 186.2746 15.27020478 84995
OTP-2
1 63235U 25052AB  26208.20711848  .00008189  00000-0  33575-3 0  9994
2 63235  97.3821 100.0433 0007281  37.2369 322.9372 15.24492806 75966
IONOSFERA-M 03
1 64876U 25155A   26208.93042133  .00000051  00000-0  43142-4 0  9996
2 64876  98.6059 169.8155 0002507  92.8398 267.3067 14.21492731 52190
IONOSFERA-M 04
1 64877U 25155B   26208.96519223  .00000057  00000-0  45761-4 0  9994
2 64877  98.6058 169.7664 0001923  86.3931 273.7466 14.21495233 52190
INNOSAT16 (RS92S7)
1 64878U 25155C   26208.86302775  .00006907  00000-0  27208-3 0  9991
2 64878  97.4590 175.8798 0011830  50.4851 309.7431 15.25863296 86873
GEOSCAN-6 (RS92S6)
1 64879U 25155D   26208.84762228  .00012481  00000-0  42011-3 0  9996
2 64879  97.4579 177.5847 0009069  46.3210 313.8781 15.30882886 86987
GEOSCAN 1 (RS92S1)
1 64880U 25155E   26208.89860391  .00012465  00000-0  41105-3 0  9998
2 64880  97.4575 177.8214 0008965  46.5691 313.6295 15.31546962 87000
239ALFEROV (RS61S)
1 64881U 25155F   26208.87198128  .00017598  00000-0  53623-3 0  9999
2 64881  97.4573 178.5003 0008627  47.0713 313.1252 15.33997298 87045
CSTP-4.3
1 64882U 25155G   26208.84574413  .00010555  00000-0  36378-3 0  9996
2 64882  97.4603 177.5281 0008583  47.6545 312.5421 15.30162865 86970
CSTP-4.2
1 64883U 25155H   26208.84564161  .00010986  00000-0  37848-3 0  9997
2 64883  97.4594 177.4995 0008384  42.9885 317.2010 15.30167391 86970
CSTP-4.4
1 64884U 25155J   26208.84524912  .00010748  00000-0  37028-3 0  9994
2 64884  97.4591 177.4896 0008593  37.6714 322.5127 15.30171086 86976
ASTROLINE-N3
1 64886U 25155L   26208.84940349  .00041285  00000-0  89866-3 0  9999
2 64886  97.4475 180.6598 0007339  43.6806 316.5022 15.44155096 87202
ASTROLINE-N2
1 64888U 25155N   26208.89912653  .00040719  00000-0  88301-3 0  9997
2 64888  97.4483 180.7815 0007104  42.6712 317.5086 15.44271384 87212
GEOSCAN 2 (RS92S2)
1 64890U 25155Q   26208.88534879  .00012903  00000-0  42212-3 0  9994
2 64890  97.4574 177.9762 0007859  36.5277 323.6499 15.31802673 87011
GEOSCAN-5 (RS92S5)
1 64891U 25155R   26208.85280388  .00017468  00000-0  52743-3 0  9996
2 64891  97.4566 178.6335 0007737  53.2082 306.9870 15.34297303 87054
GEOSCAN-4 (RS92S4)
1 64892U 25155S   26208.89786629  .00016999  00000-0  51051-3 0  9999
2 64892  97.4571 178.7400 0007593  53.4377 306.7563 15.34474533 87064
GEOSCAN-3 (RS92S3)
1 64893U 25155T   26208.90777810  .00021867  00000-0  61029-3 0  9990
2 64893  97.4557 179.3047 0007640  54.7654 305.4304 15.36722973 87108
INNOSAT3 (RS92S0)
1 64894U 25155U   26208.91432747  .00050095  00000-0  99694-3 0  9993
2 64894  97.4497 181.4779 0006929  63.7132 296.4829 15.46748426 87257
CSTP-4.1
1 64895U 25155V   26208.84540437  .00010625  00000-0  36610-3 0  9996
2 64895  97.4599 177.5085 0008474  47.2861 312.9092 15.30170408 86965
POLYTECH UNIVERSE-3 (RS46S)
1 57191U 23091AB  26208.91072886  .00005456  00000-0  25979-3 0  9992
2 57191  97.5027 266.4376 0014792 354.1455   5.9604 15.19468686170139
CSTP-1.1
1 57202U 23091AN  26208.91064514  .00005508  00000-0  26290-3 0  9999
2 57202  97.5095 267.4949 0008303 337.3313  22.7554 15.19448964170140
CSTP-1.2
1 57186U 23091W   26208.87568255  .00008998  00000-0  31602-3 0  9995
2 57186  97.5133 275.5489 0016358 312.4166  47.5689 15.29509244170674
MULE-4T
1 67286U 25313AQ  26208.17814403  .00008529  00000-0  34629-3 0  9990
2 67286  97.3923 282.5824 0009026 203.9448 156.1371 15.24798022 32067
SCORPION (RS89S)
1 67293U 25313AX  26208.22783645  .00004350  00000-0  18731-3 0  9991
2 67293  97.3926 282.3676 0010401 198.7995 161.2860 15.23082773 32055
GALAPAGOS-UTE-SWSU
1 67279U 25313AH  26208.15196418  .00007592  00000-0  32222-3 0  9995
2 67279  97.3912 282.1417 0013073 217.2248 142.8084 15.23298759 32035
SAKHACUBE-CHOLBON (RS18S)
1 67290U 25313AU  26208.18003534  .00009467  00000-0  37552-3 0  9991
2 67290  97.3921 282.7288 0008643 204.1620 155.9214 15.25549521 32078
LUCA-1 (RS90S)
1 67287U 25313AR  26208.67213932  .00009649  00000-0  38708-3 0  9992
2 67287  97.3924 283.1407 0008973 203.8710 156.2113 15.25166129 32146
QMR-KWT-2 (RS95S)
1 67291U 25313AV  26208.19312125  .00013997  00000-0  52592-3 0  9996
2 67291  97.3922 283.0089 0008476 200.8616 159.2278 15.27254224 32099
LOBACHEVSKY (RS83S)
1 67284U 25313AN  26208.43707549  .00005496  00000-0  23476-3 0  9997
2 67284  97.3909 282.4997 0009803 209.5909 150.4774 15.23238920 32087
NASBSAT-1
1 67289U 25313AT  26208.67476178  .00014214  00000-0  53953-3 0  9990
2 67289  97.3922 283.4390 0008765 201.3904 158.6970 15.26910820 32162
NASBSAT-2
1 67285U 25313AP  26208.68142002  .00007730  00000-0  32010-3 0  9999
2 67285  97.3908 282.9194 0009535 209.0709 150.9999 15.24162009 32131
HORS-5
1 67283U 25313AM  26208.66174266  .00006784  00000-0  27951-3 0  9998
2 67283  97.3925 282.9991 0009561 206.9379 153.1364 15.24379526 32136
AIST-2T 2
1 67253U 25313F   26208.63624694  .00016882  00000-0  20416-3 0  9996
2 67253  97.0833 286.1969 0003801 108.4793 251.6879 15.60759379 32937
AIST-2T 1
1 67254U 25313G   26208.21985093  .00007126  00000-0  87126-4 0  9997
2 67254  97.0828 285.7040 0002085  75.3967 284.7522 15.60717826 32859
AIST-ST (RS86S)
1 67267U 25313V   26208.18939407  .00010119  00000-0  41034-3 0  9998
2 67267  97.3927 282.4301 0012775 222.2489 137.7766 15.24750167 32053
KOWSAR 1.5
1 67264U 25313S   26208.20638082  .00006543  00000-0  28273-3 0  9999
2 67264  97.4012 282.3273 0013713 223.8527 136.1622 15.22734276 32039
PAYA
1 67255U 25313H   26208.61028706  .00003045  00000-0  19552-3 0  9994
2 67255  97.2838 274.3898 0068135 194.0192 165.9148 15.07256882 31747
GRIFON-1
1 67281U 25313AK  26208.15472373  .00005440  00000-0  23486-3 0  9997
2 67281  97.3869 282.0116 0011027 212.5514 147.5044 15.22873089 32037
GRIFON-2
1 67272U 25313AA  26208.63531033  .00011593  00000-0  47084-3 0  9995
2 67272  97.3935 282.8971 0012752 215.8285 144.2099 15.24661795 32120
GRIFON-3
1 67280U 25313AJ  26208.82497193  .00005609  00000-0  24258-3 0  9992
2 67280  97.3986 282.9555 0012276 212.0766 147.9725 15.22783236 32138
GRIFON-4
1 67261U 25313P   26208.18336943  .00018209  00000-0  67521-3 0  9995
2 67261  97.3958 282.9840 0012892 210.8914 149.1569 15.27588683 32086
MARAFON
1 67250U 25313C   26208.15147721  .00011712  00000-0  10062-2 0  9993
2 67250  97.6156 277.3704 0148827 203.6562 155.7767 14.89346710 31308
MORSAT (RS96S)
1 67262U 25313Q   26208.19058282  .00013297  00000-0  53441-3 0  9992
2 67262  97.3868 282.4250 0014941 220.1195 139.8941 15.24950634 32052
MARAFON-EXPERIMENTAL
1 67251U 25313D   26208.64745182  .00002564  00000-0  22285-3 0  9999
2 67251  97.5670 277.2560 0148098 192.0854 167.6798 14.89759252 31421
GXIBA-1
1 67684U 98067YA  26208.04584454  .01231714  91091-3  15390-2 0  9995
2 67684  51.6088  79.2644 0009437 263.3186  96.6753 16.07122788 26696
CORAL
1 67685U 98067YB  26208.16721595  .00070270  00000-0  67462-3 0  9990
2 67685  51.6259  91.5161 0007670   2.0604 358.0422 15.65923613 26549
KNACKSAT-2
1 67683U 98067XZ  26208.66294264  .00057756  00000-0  60990-3 0  9994
2 67683  51.6281  90.3409 0007121   6.2721 353.8361 15.63607367 26606
RASSVET-3 1
1 68360U 26061A   26208.80108136  .00002943  00000-0  14313-3 0  9996
2 68360  82.2930 330.6100 0001475 146.5730 213.5596 15.18054623 19731
RASSVET-3 2
1 68361U 26061B   26208.86893502  .00004115  00000-0  21081-3 0  9994
2 68361  82.2945 329.1300 0002687 329.8605  30.2472 15.16336584 19831
RASSVET-3 3
1 68362U 26061C   26208.72220938  .00002401  00000-0  11649-3 0  9992
2 68362  82.2976 332.8063 0003785 103.0562 257.1094 15.18052294 19595
RASSVET-3 5
1 68364U 26061E   26208.79457135  .00002368  00000-0  11479-3 0  9995
2 68364  82.2982 333.5673 0002065 138.7027 221.4363 15.18077411 19557
RASSVET-3 6
1 68365U 26061F   26208.32888710  .00002659  00000-0  12917-3 0  9993
2 68365  82.2961 333.6899 0002724  96.1918 263.9626 15.18049092 19506
RASSVET-3 7
1 68366U 26061G   26208.79247625  .00002123  00000-0  10281-3 0  9997
2 68366  82.2960 332.5726 0002553  62.3001 297.8491 15.18066252 19616
RASSVET-3 8
1 68367U 26061H   26207.82179495  .00004135  00000-0  20963-3 0  9993
2 68367  82.2938 331.0210 0003246  31.5199 328.6227 15.16706199 19620
RASSVET-3 9
1 68368U 26061J   26208.73303354  .00002787  00000-0  13541-3 0  9993
2 68368  82.2947 330.8651 0003733 158.5998 201.5392 15.18059746 19718
RASSVET-3 10
1 68369U 26061K   26208.61112782  .00025663  00000-0  37362-3 0  9999
2 68369  82.2926 326.2693 0007562 158.1644 201.9933 15.55553357 19992
RASSVET-3 11
1 68370U 26061L   26208.73339173  .00118352  00000-0  11507-2 0  9999
2 68370  82.2923 327.3205 0006460  15.1734 344.9718 15.65875120 19939
RASSVET-3 12
1 68371U 26061M   26208.79672498  .00002390  00000-0  11589-3 0  9991
2 68371  82.2967 333.2212 0000776 152.6242 207.5032 15.18078605 19571
RASSVET-3 13
1 68372U 26061N   26208.80869679  .00002844  00000-0  14383-3 0  9992
2 68372  82.2981 332.8009 0000420 187.4451 172.6775 15.16677281 19604
RASSVET-3 14
1 68373U 26061P   26208.60801785  .00037620  00000-0  28668-3 0  9996
2 68373  82.2946 327.4761 0008311 334.3479  25.7370 15.72015330 19917
RASSVET-3 15
1 68374U 26061Q   26208.74868827  .00003554  00000-0  18162-3 0  9999
2 68374  82.2970 329.7902 0000336 173.8512 186.2724 15.16391589 19782
RASSVET-3 16
1 68375U 26061R   26208.80329329  .00003244  00000-0  15789-3 0  9994
2 68375  82.2950 330.8096 0001583 154.1097 206.0216 15.18062332 19727
HADES-SA (SPINNYONE)
1 68446U 26067AG  26208.32048383  .00019161  00000-0  88187-3 0  9991
2 68446  97.4415 166.0570 0004308 311.9002  48.1865 15.20355710 18028
OBZP1
1 90000U 00001A   26082.73220162  .00000000  00000-0  52294-3 0    10
2 90000  82.2945 108.6614 0025130  78.3270   5.7283 15.88315102    15
