NOAA 2 (ITOS-D)
1  6235U 72082A   26270.05492597 -.00000027  00000-0  12456-3 0  9994
2  6235 102.0061 289.7353 0003995 341.3283  40.2579 12.53218106467716
SOLRAD-7B
1  1291U 65016D   26270.00320963 -.00000015  00000-0  27926-4 0  9998
2  1291  70.0815  19.7988 0021960 340.4972  19.5291 13.94985357130909
OSCAR-7 (AO-7)
1  7530U 74089B   26270.03597619 -.00000032  00000-0  92942-4 0  9996
2  7530 101.9915 284.3463 0011961 297.7507  84.5505 12.53699819373281
UOSAT-2 (UO-11)
1 14781U 84021B   26269.63192479  .00001122  00000-0  11911-3 0  9994
2 14781  97.8195 234.1568 0006876 197.5860 162.5122 14.91016014272247
FLTSATCOM-7 (USA-20)
1 17181U 86096A   26269.76879300 -.00000274  00000-0  00000-0 0  9996
2 17181  12.6218 339.4448 0041390 329.8178 111.6972  0.98930362152971
FLTSATCOM-8 (USA-46)
1 20253U 89077A   26269.84740934 -.00000360  00000-0  00000+0 0  9996
2 20253  12.3954 350.5396 0003153 234.1845 211.6641  1.00266976261588
OSCAR 16 (PACSAT)
1 20439U 90005D   26270.04201198  .00000065  00000-0  39858-4 0  9992
2 20439  98.8437 308.0693 0009559 295.1867  94.1789 14.33960975916533
LUSAT (LO-19)
1 20442U 90005G   26270.04329046  .00000067  00000-0  40826-4 0  9998
2 20442  98.8810 294.6370 0010470 267.0476  92.9509 14.34146200916996
UFO 2 (USA 95)
1 22787U 93056A   26267.94087751  .00000132  00000-0  00000+0 0  9998
2 22787  11.9316   2.9890 0002719 248.2736 119.9037  1.00275378119552
EYESAT-1 (AO-27)
1 22825U 93061C   26270.15781400  .00000073  00000-0  44822-4 0  9995
2 22825  98.6780 337.4818 0008864 154.5389 205.6232 14.30963454721586
ITAMSAT (IO-26)
1 22826U 93061D   26270.10676050  .00000075  00000-0  45196-4 0  9992
2 22826  98.6727 337.3590 0009656 139.2391 220.9515 14.31392501721895
UFO 3 (USA 104)
1 23132U 94035A   26267.05300906 -.00000100  00000-0  00000+0 0  9999
2 23132  12.4130   5.0919 0004550 241.5944 124.8249  1.00271394132699
RADIO ROSTO (RS-15)
1 23439U 94085A   26270.10839810 -.00000015  00000-0  79019-3 0  9990
2 23439  64.8148 138.3807 0159458 345.6242  14.0173 11.27583966307398
UFO 4 (USA 108)
1 23467U 95003A   26269.58392640 -.00000014  00000-0  00000+0 0  9996
2 23467   9.7087  12.7426 0002936 172.2227 202.9373  1.00271197115977
UFO 7 (USA 127)
1 23967U 96042A   26269.25026075 -.00000256  00000-0  00000-0 0  9994
2 23967  11.2154  16.5091 0005964 138.0326 227.6395  1.00175788110500
JAS-2 (FO-29)
1 24278U 96046B   26269.82165059 -.00000038  00000-0 -24566-5 0  9990
2 24278  98.5157 104.7572 0349635 192.5179 166.7106 13.53278654486919
UFO 8 (USA 138)
1 25258U 98016A   26269.72696703 -.00000215  00000-0  00000-0 0  9990
2 25258  11.2548  22.1075 0005795 228.5271 166.0747  1.00251958104888
TECHSAT-1B (GO-32)
1 25397U 98043D   26269.98635667  .00000031  00000-0  33725-4 0  9993
2 25397  99.0163 265.3572 0000414 331.5063  28.6092 14.24444508465824
ISS (ZARYA)
1 25544U 98067A   26270.17419514  .00009528  00000-0  18291-3 0  9997
2 25544  51.6315 155.3455 0007168 193.0559 167.0244 15.48664528587569
UFO 10 (USA 146)
1 25967U 99063A   26268.61870729 -.00000179  00000-0  00000+0 0  9997
2 25967   9.9345  26.6651 0004352 199.3265 338.3220  1.00274490 98359
PCSAT (NO-44)
1 26931U 01043C   26269.92290573  .00000081  00000-0  61077-4 0  9995
2 26931  67.0527 341.1306 0005919 273.6495  86.3930 14.31986943305014
PROBA-1
1 26958U 01049B   26270.21096394  .00001362  00000-0  90406-4 0  9990
2 26958  97.9617 282.3471 0055691 136.3776 224.1874 15.07835042358994
SAUDISAT-1C (SO-50)
1 27607U 02058C   26270.17387582  .00000697  00000-0  99811-4 0  9999
2 27607  64.5524 173.3952 0071240 243.6777 115.7001 14.83231207279587
CUTE-1 (CO-55)
1 27844U 03031E   26269.26256436  .00000213  00000-0  11117-3 0  9991
2 27844  98.6772 276.5690 0008452 250.0098 110.0171 14.24386317206068
CUBESAT XI-IV (CO-57)
1 27848U 03031J   26270.00481036  .00000163  00000-0  90670-4 0  9991
2 27848  98.6804 276.9326 0008307 269.2662  90.7564 14.23664586205869
MOZHAYETS-4 (RS-22)
1 27939U 03042A   26270.21519141  .00000494  00000-0  84070-4 0  9990
2 27939  98.3469  97.4891 0010344 310.0828 169.8882 14.73614276230573
UFO 11 (USA 174)
1 28117U 03057A   26269.92105616 -.00000094  00000-0  00000+0 0  9992
2 28117   9.0463  33.2782 0003869 165.0801 214.3421  1.00271418 83478
CUBESAT XI-V (CO-58)
1 28895U 05043F   26269.70253171  .00001092  00000-0  17872-3 0  9995
2 28895  98.3118  67.5542 0012948 241.2052 118.7855 14.72848864116693
CAPE-1
1 31130U 07012P   26270.00587955  .00000847  00000-0  15963-3 0  9990
2 31130  98.4591 247.3089 0084343 112.9306 248.0825 14.65074772 33269
CUTE-1.7+APD II (CO-65)
1 32785U 08021C   26270.10941588  .00004878  00000-0  30195-3 0  9997
2 32785  97.8389 253.7742 0009927  49.3017 310.9072 15.10255719   583
SEEDS-II (CO-66)
1 32791U 08021J   26270.00206588  .00015370  00000-0  44141-3 0  9992
2 32791  97.7562 273.0462 0001445  17.8518 342.2775 15.35941668  2895
YUBILEINY (RS-30)
1 32953U 08025A   26270.14467223  .00000044  00000-0  24596-3 0  9990
2 32953  82.4999 292.0258 0020721  89.6519 270.6936 12.43183355832363
KKS-1 (KISEKI)
1 33499U 09002H   26269.92057374  .00001106  00000-0  14179-3 0  9994
2 33499  98.1170 193.9717 0007128 330.3976  29.6833 14.83337670951279
SWISSCUBE
1 35932U 09051B   26270.17314103  .00000779  00000-0  16299-3 0  9997
2 35932  98.3941 179.7947 0005443 254.9569 105.1030 14.62641183904063
BEESAT
1 35933U 09051C   26269.68901360  .00000673  00000-0  14445-3 0  9993
2 35933  98.3867 178.7220 0003968 275.6891  84.3857 14.61853842904018
ITUPSAT-1
1 35935U 09051E   26269.70062659  .00000625  00000-0  13872-3 0  9997
2 35935  98.3946 177.8149 0006260 288.7711  71.2809 14.60564338903550
PROBA-2
1 36037U 09059B   26269.95825910  .00000112  00000-0  36661-4 0  9996
2 36037  98.2480  91.9324 0012628 331.3884  28.6619 14.54897365896321
XIWANG-1 (HOPE-1)
1 36122U 09072B   26270.15856990  .00000103  00000-0  38747-3 0  9998
2 36122 100.4138 222.4032 0007721   6.2353 353.8855 13.16441865806420
EWS-G2 (GOES-15)
1 36411U 10008A   26270.06128340  .00000027  00000-0  00000+0 0  9993
2 36411   1.5511  81.7478 0005027  87.4239 282.0757  1.00272304 60660
TISAT-1
1 36799U 10035E   26269.38557547  .00023603  00000-0  68790-3 0  9999
2 36799  98.0797 225.2523 0001162 152.3267 207.8037 15.35388539883212
HORYU-2
1 38340U 12025D   26269.35151725  .00002824  00000-0  28758-3 0  9991
2 38340  98.2318  46.5466 0007448 202.9497 157.1388 14.91571845763800
AAUSAT-3
1 39087U 13009B   26269.97623089  .00000435  00000-0  15143-3 0  9998
2 39087  98.3731  91.4894 0010201 266.4541  93.5481 14.40040537711824
STRAND-1
1 39090U 13009E   26269.21459679  .00000201  00000-0  81755-4 0  9995
2 39090  98.3971  87.0045 0007539 292.3497  67.6890 14.37211403711577
CUBEBUG-1 (CAPITAN BETO)
1 39153U 13018D   26269.39473766  .00003064  00000-0  26600-3 0  9994
2 39153  98.1766  73.9581 0011900 168.6441 191.5050 14.97796036726215
PROBA-V
1 39159U 13021A   26270.17188017  .00000035  00000-0  33554-4 0  9996
2 39159  98.3726 243.8072 0003955 177.9521 182.1675 14.23614848695623
ZACUBE-1 (TSHEPISOSAT)
1 39417U 13066B   26269.70223176  .00004206  00000-0  32179-3 0  9990
2 39417  97.8173 232.5871 0038110 272.3063  87.3798 15.01895794695961
TRITON-1
1 39427U 13066M   26270.18735456  .00003133  00000-0  37543-3 0  9992
2 39427  97.8152 177.6386 0087649 261.7187  97.4080 14.82089851689190
DELFI-N3XT
1 39428U 13066N   26270.00341660  .00005747  00000-0  48971-3 0  9994
2 39428  97.8309 190.2731 0071057 226.6315 132.8974 14.96198996689843
GOMX-1
1 39430U 13066Q   26270.18081742  .00001756  00000-0  26647-3 0  9990
2 39430  97.6420 104.2143 0129297 109.4001 252.1234 14.69729493684897
VELOX-PII
1 39438U 13066Y   26270.15102688  .00003413  00000-0  32082-3 0  9990
2 39438  97.8852 221.7154 0052576   6.8062 353.3860 14.93565648693059
CUBEBUG-2 (LO-74)
1 39440U 13066AA  26270.12930701  .00003608  00000-0  33016-3 0  9999
2 39440  97.9002 219.6288 0058121  50.2425 310.3894 14.94336385692214
FUNCUBE-1 (AO-73)
1 39444U 13066AE  26270.16582529  .00005588  00000-0  33676-3 0  9999
2 39444  97.8396 243.9020 0034209 213.9779 145.9259 15.10718627695052
UWE-3
1 39446U 13066AG  26269.79289693  .00003144  00000-0  26789-3 0  9997
2 39446  97.8818 226.6510 0048135 342.5824  17.3744 14.97634429692787
UNISAT-6
1 40012U 14033C   26270.18073938  .00002557  00000-0  27471-3 0  9997
2 40012  97.8018  61.2154 0045954  92.1743 268.4737 14.88678673661338
SMAP
1 40376U 15003A   26270.16551168  .00000293  00000-0  65784-4 0  9997
2 40376  98.1316 275.8347 0001457  89.4576 270.6793 14.63377958622537
LILACSAT-2
1 40908U 15049K   26270.13740537  .00017551  00000-0  26622-3 0  9997
2 40908  97.4541 311.0330 0005089 225.6183 134.4654 15.54666635611577
LAPAN-A2 (IO-86)
1 40931U          26199.45381863  .00000000  00000-0  77536-4 0    07
2 40931   6.0006 322.6653 0012733 338.8432 273.6875 14.79294310    03
LQSAT
1 40958U 15057A   26270.24242291  .00000176  00000-0  31871-4 0  9995
2 40958  97.6779 258.6218 0015761 304.6193  55.3531 14.76884898590370
PRATHAM
1 41783U 16059A   26269.92342419  .00000444  00000-0  86530-4 0  9991
2 41783  97.8413 262.3622 0029742 254.0754 105.7173 14.67306740534432
ALSAT-1N
1 41789U 16059G   26270.05685124  .00000801  00000-0  14271-3 0  9995
2 41789  97.8066 268.9121 0024703 219.8028 140.1367 14.69447084534968
CAS-2T & KS-1Q
1 41847U 16066G   26270.18266368  .00001156  00000-0  17024-3 0  9990
2 41847  98.3742 344.7380 0341228 179.8313 180.3056 14.44865370519527
GOES-16
1 41866U 16071A   26270.22335044 -.00000086  00000-0  00000+0 0  9994
2 41866   0.5856  84.1363 0002063 139.7921 117.8296  1.00271436 36129
FENGYUN-4A
1 41882U 16077A   26269.84843966 -.00000352  00000-0  00000-0 0  9998
2 41882   2.5720  78.9817 0008069 165.6280 189.5920  1.00271602 35946
FOX-1B (AO-91)
1 43017U 17073E   26269.43710515  .00009447  00000-0  40049-3 0  9998
2 43017  97.4530 134.5832 0146213 339.2439  20.2892 15.14069867480700
CANX-2
1 32790U 08021H   26270.21573573  .00003296  00000-0  22901-3 0  9999
2 32790  97.8763 252.0875 0011829  63.9585 296.2857 15.06219282   161
AIST-2 (RS-43)
1 39133U 13015D   26270.17809948  .00004953  00000-0  19217-3 0  9996
2 39133  64.8671 283.5877 0013896 258.3500 101.6071 15.27229301739471
NANOSATC-BR1
1 40024U 14033Q   26270.09891200  .00014107  00000-0  42592-3 0  9995
2 40024  98.0635 311.7156 0003904 167.1136 193.0206 15.34389097669593
FUNCUBE-3 (EO-79)/QB50P1
1 40025U 14033R   26269.99422534  .00006265  00000-0  29787-3 0  9990
2 40025  98.0956 288.3900 0007245 229.1561 130.9044 15.19583225668488
QB50P2
1 40032U 14033Y   26269.96106003  .00005879  00000-0  30716-3 0  9999
2 40032  98.0806 273.3060 0007303 175.2304 184.8998 15.16305134668082
PERSEUS-M2
1 40037U 14033AD  26270.15583713  .00002241  00000-0  20635-3 0  9993
2 40037  98.0067 222.8422 0010871 329.1209  30.9371 14.95767386666020
PERSEUS-M1
1 40039U 14033AF  26269.78545971  .00001467  00000-0  13646-3 0  9999
2 40039  97.9729 215.6431 0010646 326.0991  33.9547 14.95904298665829
POLYITAN-1
1 40042U 14033AJ  26269.62132527  .00018522  00000-0  52203-3 0  9997
2 40042  98.0871 305.7125 0007437 142.7373 217.4386 15.36467808669152
TIGRISAT
1 40043U 14033AK  26269.36875549  .00001674  00000-0  19599-3 0  9998
2 40043  97.7977  57.1718 0050278 102.3095 258.3756 14.85469055660645
UKUBE-1
1 40074U 14037F   26269.86597524  .00006380  00000-0  34718-3 0  9994
2 40074  98.4255 283.9518 0002088 137.5930 222.5461 15.14866263663944
DEORBITSAIL
1 40719U 15032E   26270.04987940  .00005491  00000-0  39010-3 0  9995
2 40719  97.5763 124.9830 0010625 246.7654 113.2454 15.05062382606560
D-SAT
1 42794U 17036AF  26270.15954468  .00005353  00000-0  24382-3 0  9990
2 42794  97.5682 248.9583 0080012 166.4848 193.8555 15.18241680506320
CORVUS-BC2
1 42846U 17042X   26270.01358124  .00002273  00000-0  15626-3 0  9996
2 42846  97.4186  67.5241 0014184 120.1474 240.1162 15.06824017502392
CORVUS-BC1
1 42847U 17042Y   26269.86456425  .00003338  00000-0  22671-3 0  9992
2 42847  97.4214  68.2583 0013061  99.3732 260.8974 15.06973270502407
APRIZESAT-5
1 37792U 11044E   26269.74612657  .00000887  00000-0  11869-3 0  9992
2 37792  98.2493 205.6873 0052930  36.8355 323.6474 14.81226859813822
APRIZESAT-6
1 37793U 11044F   26270.02807794  .00000510  00000-0  79068-4 0  9993
2 37793  98.2283 182.5681 0044144 119.0366 252.2375 14.77033304812185
APRIZESAT-7
1 39416U 13066A   26269.78084713  .00000706  00000-0  75059-4 0  9995
2 39416  97.7822 221.6074 0034353 233.1945 126.6121 14.91768469696372
APRIZESAT-8
1 39425U 13066K   26270.10421400  .00000860  00000-0  98714-4 0  9995
2 39425  97.8317 216.2022 0044646 311.9423  47.7991 14.87814826694827
BUGSAT-1 (TITA)
1 40014U 14033E   26270.20714766  .00005546  00000-0  28620-3 0  9991
2 40014  98.0440   8.7879 0027197 189.4678 170.6044 15.16471333671295
SAUDISAT-4
1 40016U 14033G   26270.16833141  .00000521  00000-0  75092-4 0  9991
2 40016  97.7739  52.8764 0046098 101.2332 259.4066 14.79652900661150
TABLETSAT-AURORA
1 40017U 14033H   26270.18736789  .00006367  00000-0  30976-3 0  9999
2 40017  98.0179 350.4212 0010416 219.6155 140.4318 15.18744950670688
APRIZESAT-9
1 40018U 14033J   26269.60713446  .00000535  00000-0  85978-4 0  9994
2 40018  97.9207  40.4152 0064896 233.5711 125.9504 14.74316267658501
APRIZESAT-10
1 40019U 14033K   26270.16431505  .00000318  00000-0  57983-4 0  9995
2 40019  97.9783  34.9251 0077569 308.8222  50.6077 14.70973345657244
AISAT
1 40054U 14034B   26269.76878628  .00009197  00000-0  56095-3 0  9996
2 40054  98.2336 189.6810 0006985 234.4589 125.5988 15.10578961662535
COSMOS-2407 [+]
1 28380U 04028A   26269.78159897  .00000060  00000-0  45548-4 0  9990
2 28380  82.9653 359.5844 0038415 329.9355 148.8463 13.76341092113859
COSMOS-2414 [+]
1 28521U 05002A   26269.89662204  .00000076  00000-0  50509-4 0  9993
2 28521  82.9515 326.7189 0040960  41.0370 319.3862 13.87935047 97926
COSMOS-2463 [+]
1 36519U 10017A   26270.18800957  .00000049  00000-0  37944-4 0  9992
2 36519  82.9643 174.7750 0035373 205.1889 319.1409 13.71671013821911
NOAA-15
1 25338U 98030A   26270.19474455  .00000086  00000-0  52777-4 0  9993
2 25338  98.5048 288.0628 0011175  52.7227 307.4971 14.27171312475849
NOAA-18
1 28654U 05018A   26270.17815345  .00000043  00000-0  45612-4 0  9999
2 28654  98.8048 348.3416 0013640 217.5641 142.4580 14.13744982100720
NOAA-19
1 33591U 09005A   26270.19534191  .00000031  00000-0  40306-4 0  9996
2 33591  98.9429 341.0961 0014813 101.3772 258.9065 14.13487085908896
SARAL
1 39086U 13009A   26270.13060830  .00000060  00000-0  38039-4 0  9990
2 39086  98.5560  95.4264 0002001  22.6724 337.4548 14.32909236710200
LAPAN-A3
1 41603U 16040E   26270.18828131  .00002877  00000-0  90612-4 0  9990
2 41603  97.1575 263.0705 0010591  19.8050 340.3603 15.33661858570447
METOP-A
1 29499U 06044A   26270.15652872  .00001719  00000-0  20070-3 0  9990
2 29499  98.3403  20.1117 0174329 104.1431  19.1997 14.76259875 40491
METEOR M1
1 35865U 09049A   26269.80757892  .00000043  00000-0  38537-4 0  9997
2 35865  98.7522 231.6091 0002820  37.3754 322.7620 14.23175037883706
METOP-B
1 38771U 12049A   26270.18537995  .00000066  00000-0  50113-4 0  9992
2 38771  98.6395 319.5959 0003222  66.3367 293.8148 14.21461353727752
METEOR M2
1 40069U 14037A   26270.21027002  .00000192  00000-0  10716-3 0  9995
2 40069  98.5247 242.3991 0006955  97.2663 262.9306 14.21486322633816
CSSWE
1 38761U 12048D   26270.16440757  .00031439  00000-0  55575-3 0  9991
2 38761  64.6602 106.6657 0027841 134.3699 225.9729 15.49769716132174
MCUBED-2
1 39469U 13072H   26269.33109139  .00019752  00000-0  68074-3 0  9990
2 39469 120.4901  23.3792 0141595 123.7806 237.6842 15.21100815133203
IPEX
1 39471U 13072K   26270.15338368  .00010102  00000-0  45928-3 0  9996
2 39471 120.4661 326.2337 0169133 107.1551 254.8110 15.09723173130626
FOX-1A (AO-85)
1 40967U 15058D   26270.15499382  .00001597  00000-0  14749-3 0  9993
2 40967  64.7744 321.9657 0139626  18.5904 342.0235 14.91423933128770
OOREOS
1 37224U 10062C   26269.57630765  .00001801  00000-0  17411-3 0  9998
2 37224  71.9696 210.6074 0016208 236.5711 123.3910 14.94073229131780
STARS (KUKAI)
1 33498U 09002G   26270.08214764  .00003681  00000-0  33063-3 0  9993
2 33498  98.1648 221.6406 0008081 181.0280 179.0925 14.96349462953719
YUBELEINY-2 (RS-40)
1 38735U 12041C   26270.20372550  .00000010  00000-0 -81591-6 0  9997
2 38735  82.4820  11.0619 0017388 202.2170 157.8157 12.42652339642510
AIST-1
1 39492U 13078C   26270.14934112  .00001746  00000-0  15194-3 0  9999
2 39492  82.4189 172.0936 0015361 299.8553  60.1141 14.96300306690499
VELOX-1
1 40057U 14034E   26270.17081964  .00006199  00000-0  52109-3 0  9996
2 40057  98.2446 180.9598 0005043 305.3121  54.7628 14.98674470661878
DX1
1 40071U 14037C   26270.22717682  .00001542  00000-0  16539-3 0  9998
2 40071  98.3994 238.2064 0006065 310.2701  49.7984 14.90245679661306
COSMOS-2491 (RS-46) [i]
1 39497U 13076E   26270.19831660  .00000036  00000-0  19072-3 0  9991
2 39497  82.4808 104.6052 0012402 226.1378 133.8678 12.43498994577930
COSMOS-2499 (RS-47) [i]
1 39765U 14028E   26270.20942194  .00000055  00000-0  15576-3 0  9990
2 39765  82.4535 183.5956 0232330 121.9130 240.4802 12.82905022578108
TRANSIT 5B-5
1   965U 64083D   26270.14401803  .00000031  00000-0  30878-4 0  9993
2   965  90.0869 203.8862 0041159 342.5040  83.1444 13.57020388 57442
EUTELSAT 1-F4 (ECS 4)
1 18351U 87078B   26269.88194926 -.00000026  00000-0  00000+0 0  9998
2 18351  13.7580 341.4075 0007996  37.3183  35.9794  0.98687145127762
BISONSAT
1 40968U 15058E   26269.47088615  .00003237  00000-0  25385-3 0  9991
2 40968  64.7740 301.5460 0128335  14.9913 345.4948 14.96551765131815
DTUSAT-2
1 40030U 14033W   26269.25143599  .00006215  00000-0  32612-3 0  9992
2 40030  98.0915 273.5188 0006127 244.5411 115.5186 15.16133413667994
ELEKTRO-L2
1 41105U 15074A   26270.18842394 -.00000108  00000-0  00000+0 0  9993
2 41105   6.9430  69.2271 0002024 191.0825 159.0211  1.00272022 39520
DOVE-3
1 39429U 13066P   26270.02006672  .00001910  00000-0  25225-3 0  9993
2 39429  97.6494 124.6309 0114265  54.3256 306.8527 14.76649903686030
FORTE
1 24920U 97047A   26269.94533679  .00000129  00000-0  75321-4 0  9999
2 24920  69.9525 144.1727 0020128 145.5844 214.6586 14.27977880513212
DMSP 5D-2 F15/USA-147
1 25991U 99067A   26270.15026852  .00000079  00000-0  61537-4 0  9995
2 25991  98.9871 309.9359 0010994  74.9335  15.8790 14.17589445385095
CASSIOPE-1
1 39265U 13055A   26270.14077661  .00034705 -66327-6  34031-3 0  9992
2 39265  80.9106 302.2393 0266550  76.9855 286.0994 15.32415479683249
D-STAR ONE PHOENIX
1 43188U 18014J   26270.16690416  .00004545  00000-0  23006-3 0  9990
2 43188  97.5266 174.5303 0009427  31.4729 328.7067 15.17480582474225
S-NET D
1 43186U 18014G   26269.97076666  .00004277  00000-0  21681-3 0  9999
2 43186  97.5249 174.1173 0009040  36.1514 324.0329 15.17469155474199
TEN-KOH
1 43677U 18084G   26269.50922135  .00002059  00000-0  15675-3 0  9993
2 43677  98.0707 106.1587 0010016 135.0465 225.1572 15.03272256431386
STARS-AO
1 43679U 18084J   26270.07832119  .00004899  00000-0  24465-3 0  9992
2 43679  98.0350 130.3403 0002520 141.8598 218.2812 15.18003524432928
LUOJIA-1 01
1 43485U 18048B   26270.15674829  .00001532  00000-0  17452-3 0  9997
2 43485  97.8038 346.6864 0009811 139.9293 220.2649 14.87581795449370
DIWATA-2B (PO-101)
1 43678U 18084H   26270.19048957  .00001670  00000-0  13668-3 0  9990
2 43678  98.1158 110.8882 0012527 187.4831 172.6207 15.00758575431511
ESHAIL-2
1 43700U 18090A   26270.12515700  .00000149  00000-0  00000+0 0  9993
2 43700   0.0177 142.6351 0001248  55.3513 238.7958  1.00273595 28699
K2SAT
1 43761U 18099D   26269.89700939  .00001448  00000-0  10079-3 0  9995
2 43761  97.4089 306.9618 0011369   5.7293 354.4063 15.06919485427421
AISTECHSAT-2
1 43768U 18099L   26270.07339499  .00004584  00000-0  23993-3 0  9996
2 43768  97.4187 315.8815 0003277 320.5933  39.5061 15.16312674427712
SNUSAT-2
1 43782U 18099AA  26270.13656065  .00006182  00000-0  26424-3 0  9998
2 43782  97.3949 321.9897 0008387 302.4095  57.6330 15.23179661428543
ITASAT-1
1 43786U 18099AE  26270.08622741  .00005683  00000-0  26546-3 0  9990
2 43786  97.3918 319.5815 0012038   4.4576 355.6764 15.20139329428385
EAGLET-1
1 43790U 18099AJ  26270.08205405  .00003406  00000-0  19320-3 0  9992
2 43790  97.4123 317.0362 0010820   2.1946 357.9331 15.13574952427743
ESEO
1 43792U 18099AL  26270.08071059  .00000705  00000-0  54477-4 0  9992
2 43792  97.3894 303.0778 0011634 355.1880   4.9233 15.04493609427128
MINXSS-2
1 43758U 18099A   26269.74207491  .00041229  00000-0  63129-3 0  9995
2 43758  97.4441 349.4861 0005697 241.2739 118.7942 15.54231234429869
FOX-1CLIFF (AO-95)
1 43770U 18099N   26270.12694003  .00009411  00000-0  34030-3 0  9998
2 43770  97.4275 330.0760 0007765 358.0796   2.0412 15.28631452428784
CORVUS-BC4
1 43767U 18099K   26269.91553667  .00003478  00000-0  19954-3 0  9994
2 43767  97.3971 309.9119 0008513  21.1450 339.0131 15.13169068427785
CZ-4B R/B
1 43656U 18081B   26270.06649983  .00000166  00000-0  67150-4 0  9990
2 43656  99.3653 196.0859 0204335 333.5264  25.5591 14.31896428413889
COSMOS 2504 [i]
1 40555U 15020D   26270.12471529  .00000362  00000-0  12847-3 0  9991
2 40555  82.5195 152.5345 0608162 357.3280   2.4658 13.61429591564064
MERIDIAN-6
1 38995U 12063A   26266.24437718 -.00000637  00000-0  00000-0 0  9991
2 38995  63.6725 340.8364 7374182 227.9725  40.4819  2.00699718101470
MERIDIAN-7
1 40296U 14069A   26269.87826078  .00000263  00000-0  00000+0 0  9992
2 40296  63.4470 205.4523 6613007 269.8629  20.2662  2.00606514 87279
METOP-C
1 43689U 18087A   26270.13012757  .00000057  00000-0  46314-4 0  9991
2 43689  98.7322 327.9554 0000416  72.1791 287.9431 14.21474824409314
FENGYUN-3B
1 37214U 10059A   26270.21360726  .00000218  00000-0  13626-3 0  9998
2 37214  98.9523 316.6096 0021066 257.0078 189.1680 14.14859100821850
FENGYUN-3C
1 39260U 13052A   26270.23714214  .00000064  00000-0  53418-4 0  9997
2 39260  98.5125 239.4896 0015834  89.5473 270.7516 14.15773936673000
EWS-G1 (GOES-13)
1 29155U 06018A   26270.19171733  .00000038  00000-0  00000+0 0  9996
2 29155   4.7904  75.1226 0059289 279.7309 303.6148  0.98785842 44252
FENGYUN-2H
1 43491U 18050A   26269.70812028 -.00000123  00000-0  00000-0 0  9995
2 43491   3.2842  77.7912 0002747 148.6094 113.3711  1.00271410 30452
FENGYUN-2G
1 40367U 14090A   26269.92590951 -.00000294  00000-0  00000+0 0  9994
2 40367   5.8884  71.5346 0004016 184.6788 182.5900  1.00268749 43025
INMARSAT 4-F1
1 28628U 05009A   26269.60323043  .00000040  00000-0  00000-0 0  9990
2 28628   5.3092  42.8102 0002993 152.3862 205.5159  1.00272105 78688
INMARSAT 4-F2
1 28899U 05044A   26269.85993814 -.00000252  00000-0  00000+0 0  9990
2 28899   5.2257  43.7151 0002803 150.8331 264.2150  1.00272147 76540
INMARSAT 4-F3
1 33278U 08039A   26270.20213413 -.00000133  00000-0  00000+0 0  9993
2 33278   4.3913  31.7731 0003410 175.3057 133.7205  1.00271112 47561
INMARSAT 4A-F4 (ALPHASAT)
1 39215U 13038A   26270.12498367  .00000141  00000-0  00000+0 0  9997
2 39215   3.0043   0.6227 0003860 199.0137 236.1670  1.00271704 45046
ASTROCAST
1 43798U 18099AS  26270.19056095  .00047345  00000-0  65751-3 0  9990
2 43798  97.4301 352.3640 0003886 195.7480 164.3655 15.56877113430268
JY1SAT (JO-97)
1 43803U 18099AX  26269.64847403  .00017791  00000-0  49891-3 0  9995
2 43803  97.4024 332.9932 0003833 261.0450  99.0360 15.36638824429190
SUOMI-100
1 43804U 18099AY  26269.15427353  .00012823  00000-0  43668-3 0  9997
2 43804  97.4083 329.2635 0007872 282.8695  77.1666 15.30506156428858
GEO-KOMPSAT-2A
1 43823U 18100A   26269.93162955 -.00000339  00000-0  00000+0 0  9990
2 43823   0.0477  18.3790 0001600 106.2499 344.7772  1.00273263 28655
UWE-4
1 43880U 18111E   26270.07341179  .00039024  00000-0  63354-3 0  9996
2 43880  97.5823 203.6327 0004408 343.3855  16.7252 15.52627297426550
METEOR M2-2
1 44387U 19038A   26270.17102037  .00000338  00000-0  16586-3 0  9998
2 44387  98.9252 259.0148 0002372  82.1965 277.9482 14.24389338375815
MOMENTUS-X1
1 44408U 19038Y   26270.13099188  .00065488  00000-0  40602-3 0  9993
2 44408  97.6609 325.5288 0004244 357.9303   2.1944 15.76844929402568
MERIDIAN-8
1 44453U 19046A   26268.41666102  .00000206  00000-0  00000-0 0  9998
2 44453  63.2197  37.7122 7100525 275.0793  14.6046  2.00612785 52352
TAURUS-1
1 44530U 19059C   26270.16648226  .00004556  00000-0  71780-3 0  9998
2 44530  98.6496  81.4592 0008368 357.8418   2.2750 14.72980116373659
GAOFEN 12-01
1 44819U 19082A   26270.20261218  .00000272  00000-0  42140-4 0  9991
2 44819  97.8151 273.9171 0002414  79.5666 280.5818 14.80525405369182
CAS-6 (TO-108)
1 44881U 19093C   26270.15336814  .00000983  00000-0  11652-3 0  9993
2 44881  97.7447 339.8545 0014913 109.3471 250.9358 14.86646756366566
ELEKTRO-L3
1 44903U 19095A   26270.12628367  .00000062  00000-0  00000+0 0  9993
2 44903   0.2058  78.0994 0002806  85.7783 279.1601  0.99409023 24725
DOSAAF-85 (RS-44)
1 44909U 19096E   26270.02924138  .00000007  00000-0 -85401-5 0  9998
2 44909  82.5164 272.0283 0216311 266.2531  91.3814 12.79749576315379
MERIDIAN-9
1 45254U 20015A   26270.15725947 -.00000028  00000-0  00000+0 0  9995
2 45254  65.5444 308.2886 6827105 276.1904  16.1370  2.00617056 48336
DEKART
1 46493U 20068H   26270.19597716  .00011374  00000-0  29265-3 0  9997
2 46493  97.8734 286.9421 0006623 284.6936  75.3574 15.39416874331458
NORBY
1 46494U 20068J   26270.12269345  .00022216  00000-0  36226-3 0  9997
2 46494  97.8574 295.3877 0004104 224.7193 135.3728 15.52625496332009
SALSAT (TUBSAT 22)
1 46495U 20068K   26270.01072806  .00005769  00000-0  19497-3 0  9995
2 46495  97.8879 279.3978 0007921 312.3373  47.7195 15.31062068330937
NETSAT-4
1 46504U 20068U   26269.77838219  .00017612  00000-0  34943-3 0  9998
2 46504  97.8591 286.4396 0003491 335.4471  24.6610 15.47085703331468
NETSAT-3
1 46505U 20068V   26269.79547572  .00016121  00000-0  33331-3 0  9994
2 46505  97.8650 284.5584 0003883 359.9785   0.1462 15.45901556331361
NETSAT-1
1 46506U 20068W   26269.78247740  .00010927  00000-0  30685-3 0  9995
2 46506  97.8775 277.6006 0005090  32.9340 327.2219 15.36727053330897
NETSAT-2
1 46507U 20068X   26269.77989061  .00018675  00000-0  33596-3 0  9996
2 46507  97.8600 286.7733 0003380  17.4832 342.6534 15.49892511331457
ARKTIKA-M1
1 47719U 21016A   26206.87236863 -.00000386  00000-0  00000+0 0  9994
2 47719  63.2598  51.9767 7301002 270.1217  14.4714  2.00607275 39564
UNISAT-7
1 47945U 21022P   26269.99484451  .00012977  00000-0  29636-3 0  9990
2 47945  97.3779 176.0973 0010559  71.3159 288.9234 15.42938562305540
CSS (TIANHE-1)
1 48274U 21035A   26269.87524669  .00012403  00000-0  15118-3 0  9997
2 48274  41.4683  64.5157 0001914 314.1424  45.9257 15.60301806309043
FENGYUN-4B
1 48808U 21047A   26269.96769243 -.00000326  00000-0  00000+0 0  9994
2 48808   0.4029  80.9431 0008152 279.0989  98.8166  1.00273126 19594
JILIN-01 GAOFEN 2F
1 49338U 21097A   26270.14968734  .00003315  00000-0  21682-3 0  9999
2 49338  97.6835  36.2134 0017139 236.9785 122.9797 15.08370518271686
TEIKYOSAT-4 (OORURI)
1 49396U 21102B   26270.06229295  .00001146  00000-0  74645-4 0  9991
2 49396  97.3617 295.5751 0010606 307.2662  52.7600 15.09802391268092
Z-SAT
1 49399U 21102E   26270.19859560  .00003778  00000-0  18368-3 0  9994
2 49399  97.3249 302.4298 0014602 248.4394 111.5285 15.18920642268923
KOSEN-1
1 49402U 21102H   26270.07435685  .00006025  00000-0  22235-3 0  9990
2 49402  97.3088 310.2882 0012678 199.2781 160.7981 15.28065154269579
CAMSAT XW-3 (CAS-9)
1 50466U 21131B   26270.23680638  .00000383  00000-0  13159-3 0  9998
2 50466  98.4979   2.0691 0004873 140.3335 219.8211 14.41433350249814
GOES-18
1 51850U 22021A   26270.19163957  .00000101  00000-0  00000+0 0  9995
2 51850   0.0438 346.2657 0000576 260.8574  50.8812  1.00273144  7619
MERIDIAN-10
1 52145U 22030A   26269.66137918  .00000193  00000-0  00000+0 0  9992
2 52145  62.6814 129.7774 6813365 272.8152  17.4757  2.00592355 33066
BRO-6
1 52422U 22047AE  26270.23630814  .00047523  00000-0  61793-3 0  9994
2 52422  97.3365   3.8119 0004470  59.0981 301.0715 15.58639896247009
STEP CUBELAB-II
1 52897U 22065D   26270.22132238  .00000610  00000-0  12715-3 0  9992
2 52897  98.2373  53.9050 0009764  68.6125 291.6118 14.63432955226427
RANDEV
1 52898U 22065E   26270.19523097  .00000693  00000-0  14204-3 0  9992
2 52898  98.2356  54.2762 0009114  68.7499 291.4675 14.63826094226176
SNUGLITE-II
1 52899U 22065F   26269.35961787  .00000743  00000-0  14934-3 0  9997
2 52899  98.2353  54.1078 0008584  70.2941 289.9187 14.64501021225803
MIMAN
1 52900U 22065G   26270.16850303  .00000379  00000-0  85289-4 0  9999
2 52900  98.2417  52.2324 0008753  71.1164 289.0986 14.61934353225347
GREENCUBE (IO-117)
1 53106U 22080B   25167.32760529 -.00000003  00000-0  00000-0 0  9996
2 53106  70.1560  65.9804 0008358  24.6429 335.4629  6.42557409 68669
ROBUSTA 1F (MTCUBE-2)
1 53109U 22080E   26269.03664585 -.00000003  00000-0  00000-0 0  9996
2 53109  70.1207 263.1631 0009208 267.9874  91.9731  6.42583779 98548
BLUEWALKER-3
1 53807U 22111AL  26269.56302022  .00006602  00000-0  17629-3 0  9997
2 53807  53.2276 277.6287 0006837 121.8551 238.3121 15.39369987225814
ELEKTRO-L4
1 55506U 23016A   26269.52477588 -.00000055  00000-0  00000+0 0  9994
2 55506   0.0790  63.0927 0002224 134.6263 162.2988  1.00270924 13354
SHARJAHSAT-1
1 55104U 23001CZ  26270.18315520  .00024248  00000-0  39088-3 0  9994
2 55104  97.3054 340.5652 0006493  94.6865 265.5130 15.52902725208303
METEOR M2-3
1 57166U 23091A   26270.18930093 -.00000010  00000-0  14585-4 0  9999
2 57166  98.5976 323.0243 0003140 220.7242 139.3703 14.24053147169031
RESHUCUBE-2 (RS37S)
1 57168U 23091C   26270.17263316  .00007957  00000-0  29311-3 0  9995
2 57168  97.4919 333.0103 0012353 106.2156 254.0444 15.28035601179827
RASSVET 1-1
1 57169U 23091D   26270.15996241  .00007259  00000-0  28841-3 0  9996
2 57169  97.5003 331.9505 0011352 103.0857 257.1648 15.25562393179704
RASSVET 1-2
1 57170U 23091E   26270.16008507  .00007236  00000-0  28760-3 0  9993
2 57170  97.5009 332.0357 0010336  95.8899 264.3517 15.25561433179703
RASSVET 1-3
1 57171U 23091F   26270.15967677  .00007336  00000-0  29139-3 0  9997
2 57171  97.5005 331.9805 0012052 112.1160 248.1358 15.25563004179706
UMKA-1 (RS40S)
1 57172U 23091G   26270.17550628  .00005457  00000-0  24302-3 0  9993
2 57172  97.4941 328.4884 0013865 120.3915 239.8694 15.21785387179510
SATURN (RS43S)
1 57174U 23091J   26270.15284110  .00003232  00000-0  17877-3 0  9991
2 57174  97.4943 321.7745 0013893 149.6912 210.5126 15.14499963179068
CUBEBEL-2 (EU11S)
1 57175U 23091K   26270.12583348  .00010806  00000-0  35897-3 0  9991
2 57175  97.4945 334.3562 0010675 112.0615 248.1761 15.31331182179897
SITRO-AIS-5 (ANOKHIN)
1 57176U 23091L   26270.12894903  .00010643  00000-0  35183-3 0  9991
2 57176  97.4957 335.0885 0012144 101.3515 258.9091 15.31479388179931
ZORKIY-2M
1 57177U 23091M   26270.15143873  .00005909  00000-0  26114-3 0  9991
2 57177  97.4981 328.8117 0014366 117.8496 242.4198 15.22005914179504
CUBESX-HSE-3 (RS42S)
1 57178U 23091N   26270.17376125  .00012114  00000-0  37616-3 0  9997
2 57178  97.4991 337.1580 0011384  91.3225 268.9321 15.33458779180041
PHI-DEMO
1 57181U 23091R   26270.15625030  .00002555  00000-0  14011-3 0  9993
2 57181  97.4954 322.7264 0015968 140.4322 219.8079 15.14978941179128
MONITOR-3 (RS58S)
1 57180U 23091Q   26270.17750230  .00009509  00000-0  33338-3 0  9994
2 57180  97.4979 334.4415 0012582  99.5446 260.7216 15.29597888179875
NORBY-2
1 57179U 23091P   26270.13973188  .00002971  00000-0  15274-3 0  9992
2 57179  97.4982 325.1071 0015907 127.9817 232.2856 15.17140585179244
MONITOR-4 (RS57S)
1 57182U 23091S   26270.15062612  .00008513  00000-0  29793-3 0  9998
2 57182  97.4973 334.3916 0012554  99.8873 260.3785 15.29688980179873
MONITOR-2 (RS39S)
1 57184U 23091U   26270.13373166  .00003858  00000-0  18367-3 0  9999
2 57184  97.4961 327.7502 0012445 114.8552 245.3978 15.19684800179435
SVYATOBOR-1 (RS60S)
1 57187U 23091X   26270.12978022  .00007633  00000-0  28097-3 0  9999
2 57187  97.4986 334.5592 0010545  93.9695 266.2750 15.28092446179871
VIZARD-METEO (RS38S)
1 57189U 23091Z   26270.13145090  .00016748  00000-0  43539-3 0  9998
2 57189  97.4998 341.8246 0007737  71.9609 288.2479 15.38978906180355
SITRO-AIS-6 (CHIRKIN)
1 57192U 23091AC  26270.15858875  .00008862  00000-0  33051-3 0  9992
2 57192  97.4963 333.6681 0012554 106.1583 254.1038 15.27587655179848
SITRO-AIS-8 (SHCHUKIN)
1 57193U 23091AD  26270.14998288  .00012867  00000-0  38559-3 0  9993
2 57193  97.4957 337.1464 0011011  97.4648 262.7847 15.34577008180070
SITRO-AIS-7 (SHEFFER)
1 57194U 23091AE  26270.18406726  .00009178  00000-0  34591-3 0  9992
2 57194  97.4958 333.4609 0012493 107.2178 253.0429 15.27231272179838
AVION KALUGA 650 (RS24S)
1 57195U 23091AF  26270.14591581  .00004269  00000-0  19401-3 0  9992
2 57195  97.4979 329.3114 0011618 112.0389 248.2082 15.21246339179524
SITRO-AIS-10 (KATYS)
1 57199U 23091AK  26270.17116622  .00021978  00000-0  51283-3 0  9998
2 57199  97.4988 343.3652 0006847  72.2826 287.9168 15.42214523180465
SITRO-AIS-9 (BURDAEV)
1 57201U 23091AM  26270.16855141  .00020809  00000-0  49563-3 0  9997
2 57201  97.4986 343.0041 0007122  72.7682 287.4344 15.41604335180440
UTMN-2 (RS27S)
1 57203U 23091AP  26270.13721427  .00012750  00000-0  38624-3 0  9997
2 57203  97.4992 338.8776 0008664  81.1185 279.1038 15.34259507180166
SITRO-AIS-12 (FARTUSHNY)
1 57204U 23091AQ  26270.13913447  .00018830  00000-0  44416-3 0  9994
2 57204  97.5000 343.5077 0006661  67.8511 292.3442 15.41921329180469
AHMAT-1 (RS41S)
1 57206U 23091AS  26269.87942263  .00416058  69323-4  12011-2 0  9999
2 57206  97.4892 357.6982 0005125 266.1406  93.9283 15.93005280181398
SITRO-AIS-11 (SMIRENNY)
1 57208U 23091AU  26270.18650098  .00021133  00000-0  48951-3 0  9991
2 57208  97.4999 343.8745 0006612  67.3803 292.8143 15.42444497180492
KUZGTU-1 (RS47S)
1 57217U 23091AV  26270.13136336  .00010631  00000-0  34701-3 0  9999
2 57217  97.4962 335.7404 0011743  95.6380 264.6201 15.31890021179978
METEOR M2-4
1 59051U 24039A   26270.17896286 -.00000003  00000-0  18446-4 0  9993
2 59051  98.7141 228.2504 0006084 229.8793 130.1852 14.22438451133767
PARS-1
1 59065U 24039Q   26270.21019380  .00009783  00000-0  19092-3 0  9995
2 59065  97.4933 254.5590 0011057 101.9733 258.2757 15.47647306144413
SITRO-AIS-25
1 59066U 24039R   26270.19668343  .00002890  00000-0  22424-3 0  9997
2 59066  95.3800 305.1555 0142041 331.9079  27.4532 14.94101279139959
SITRO-AIS-26
1 59067U 24039S   26270.21255003  .00002498  00000-0  19518-3 0  9990
2 59067  95.3798 305.0423 0142452 332.5137  26.8604 14.93879450139941
SITRO-AIS-27
1 59068U 24039T   26270.22045925  .00002701  00000-0  20887-3 0  9990
2 59068  95.3798 305.3677 0141454 330.8368  28.5010 14.94316553139978
SITRO-AIS-28
1 59071U 24039U   26270.19557000  .00002933  00000-0  22647-3 0  9995
2 59071  95.3803 305.4035 0141265 330.8136  28.5247 14.94353936139979
SONATE-2
1 59112U 24043Q   26269.89089169  .00050263  00000-0  47042-3 0  9992
2 59112  97.5626  67.2288 0005294 182.8689 177.2541 15.67091201143771
HORS-1
1 57188U 23091Y   26270.17223608  .00008308  00000-0  30414-3 0  9994
2 57188  97.4962 334.3536 0009984  93.4343 266.8039 15.28248753179883
HORS-2
1 57196U 23091AG  26270.18351745  .00013186  00000-0  40040-3 0  9994
2 57196  97.4991 338.7150 0008806  85.0118 275.2130 15.34173087180155
ZORKIY-2M 6
1 59774U 24092B   26270.15894234  .00008875  00000-0  30450-3 0  9995
2 59774  97.6623  42.2562 0008473 174.9927 185.1399 15.30376182131129
ZORKIY-2M 4
1 59775U 24092C   26270.22185946  .00009442  00000-0  31635-3 0  9994
2 59775  97.6771  44.4857 0008485 176.9617 183.1677 15.31126973131181
SITRO-AIS-53
1 59776U 24092D   26269.34885394  .00023222  00000-0  57463-3 0  9999
2 59776  97.6707  46.9568 0006873 143.4777 216.6938 15.40429081131304
SITRO-AIS-54
1 59777U 24092E   26270.08353205  .00019488  00000-0  48377-3 0  9997
2 59777  97.6710  47.6696 0006950 140.9479 219.2269 15.40368803131418
SITRO-AIS-56
1 59778U 24092F   26270.13472889  .00022639  00000-0  54471-3 0  9998
2 59778  97.6704  48.1740 0007137 140.2998 219.8771 15.41283152131457
RASSVET 1-4
1 59779U 24092G   26270.24829453  .00000100  00000-0  54092-4 0  9993
2 59779  98.6813  29.2383 0010807 267.9757  92.0188 14.31874444123509
RASSVET 1-5
1 59780U 24092H   26270.17812602  .00000113  00000-0  59109-4 0  9993
2 59780  98.6811  29.1598 0011144 269.5897  90.4009 14.31878887123491
RASSVET 1-6
1 59781U 24092J   26270.24652483  .00000115  00000-0  59509-4 0  9997
2 59781  98.6812  29.2341 0011030 269.5707  90.4212 14.31879166123503
SITRO-AIS-55
1 59809U 24092K   26269.31197248  .00023593  00000-0  59133-3 0  9994
2 59809  97.6696  46.6171 0007094 143.5625 216.6104 15.40033712130782
MESAT-1
1 60209U 24125G   26270.04085681  .00113812  00000-0  66786-3 0  9992
2 60209  97.2078 130.7366 0006895 172.6584 187.4785 15.77925030125545
ISTSAT-1
1 60238U 24128D   26270.21735164  .00005429  00000-0  31943-3 0  9995
2 60238  61.9878 205.0617 0023342 150.6406 209.6006 15.12665926121894
IONOSFERA-M 01
1 61735U 24199A   26270.16580608  .00000039  00000-0  36799-4 0  9998
2 61735  98.6993 142.1815 0001028 139.9205 220.2049 14.22769978142203
IONOSFERA-M 02
1 61736U 24199B   26270.12954645  .00000048  00000-0  40976-4 0  9993
2 61736  98.6992 142.0555 0001771  59.4020 300.7333 14.22773332145324
SITRO-AIS-16
1 61737U 24199C   26270.16988701  .00002166  00000-0  18783-3 0  9991
2 61737  97.3192 103.1509 0008608  81.2592 278.9605 14.98016679147083
SITRO-AIS-15
1 61738U 24199D   26270.15303352  .00002814  00000-0  24261-3 0  9992
2 61738  97.3178 103.1762 0008281  84.3263 275.8904 14.98022761147082
SITRO-AIS-21
1 61739U 24199E   26270.12199137  .00001608  00000-0  14966-3 0  9995
2 61739  97.3205 101.2283 0013814  80.3842 279.8940 14.95506508146983
SITRO-AIS-22
1 61740U 24199F   26270.16513622  .00002182  00000-0  19735-3 0  9997
2 61740  97.3210 101.6109 0014254  79.2714 281.0112 14.96302496147164
SITRO-AIS-24
1 61741U 24199G   26270.13349212  .00002008  00000-0  18097-3 0  9994
2 61741  97.3198 101.6635 0013675  80.7009 279.5759 14.96540678147136
SITRO-AIS-23
1 61742U 24199H   26270.15072898  .00002674  00000-0  24065-3 0  9991
2 61742  97.3203 101.6304 0014068  80.8210 279.4603 14.96324487147011
SITRO-AIS-13
1 61743U 24199J   26270.12305117  .00001648  00000-0  14294-3 0  9995
2 61743  97.3171 103.3481 0007244  80.6823 279.5219 14.98302030147259
CSTP-2.11
1 61744U 24199K   26270.18391537  .00037254  00000-0  49773-3 0  9995
2 61744  97.2753 147.2555 0004078 251.1459 108.9355 15.57966041150216
POLYTECH UNIVERSE-5 (RS70S)
1 61745U 24199L   26270.13201280  .00114833  00000-0  74754-3 0  9992
2 61745  97.2725 151.7087 0002490 177.2714 182.8565 15.75583306153658
COLIBRI-S (RS67S)
1 61746U 24199M   26270.14484208  .00023863  00000-0  39992-3 0  9994
2 61746  97.2771 145.1226 0005196 268.9120  91.1537 15.51827249153200
POLYTECH UNIVERSE-4 (RS71S)
1 61747U 24199N   26270.16746513  .00019721  00000-0  36559-3 0  9991
2 61747  97.2810 144.0563 0006104 264.9310  95.1244 15.48994649153130
SITRO-AIS-44
1 61748U 24199P   26270.06159330  .00614796  17939-3  10096-2 0  9998
2 61748  97.2535 154.8828 0005351 160.0595 200.0895 16.03210047153877
VIZARD-ION (RS68S)
1 61749U 24199Q   26270.14940618  .00052227  00000-0  58085-3 0  9999
2 61749  97.2778 148.8908 0002869 230.9361 129.1643 15.62724307153457
MTUSI-1
1 61750U 24199R   26270.13814544  .00047794  00000-0  52752-3 0  9996
2 61750  97.2757 148.3257 0002710 253.8867 106.2093 15.62939751153432
VLADIVOSTOK-1
1 61751U 24199S   26270.13240808  .00008543  00000-0  22771-3 0  9990
2 61751  97.2815 138.8586 0007602 307.2671  52.7880 15.38379345152808
SITRO-AIS-14
1 61752U 24199T   26270.12873356  .00001938  00000-0  16827-3 0  9996
2 61752  97.3171 103.2029 0007238  82.2176 277.9869 14.98080545150383
HORS-3 (RS81S)
1 61753U 24199U   26270.17155870  .00050787  00000-0  56750-3 0  9991
2 61753  97.2775 148.4878 0002383 243.8633 116.2381 15.62610356153440
HORS-4 (RS82S)
1 61754U 24199V   26270.16512205  .00092559  00000-0  72517-3 0  9992
2 61754  97.2705 150.5881 0002219 198.4934 161.6249 15.71296601153595
SITRO-AIS-43
1 61755U 24199W   26270.09602840  .01024430  62659-3  11225-2 0  9993
2 61755  97.2691 155.3674 0005681 177.8324 182.2985 16.09872514153909
SITRO-AIS-42
1 61756U 24199X   26270.08462793  .00430882  78869-4  97392-3 0  9996
2 61756  97.2581 154.9044 0003444 140.6453 219.5075 15.97596978153873
SITRO-AIS-20
1 61758U 24199Z   26270.15786418  .00003037  00000-0  25917-3 0  9999
2 61758  97.3177 103.4300 0008130  85.8229 274.3923 14.98369719150407
SITRO-AIS-19
1 61759U 24199AA  26270.16304047  .00002908  00000-0  24843-3 0  9998
2 61759  97.3184 103.4274 0008152  85.8205 274.3950 14.98348288150402
SITRO-AIS-41
1 61760U 24199AB  26270.12746563  .00441458  83356-4  97375-3 0  9995
2 61760  97.2620 154.6514 0004878 153.4006 206.7523 15.98028870153855
NORBY-3
1 61761U 24199AC  26270.18266576  .00063502  00000-0  62237-3 0  9993
2 61761  97.2695 149.4790 0002166 209.8485 150.2652 15.65900548153526
SIT-HSE
1 61763U 24199AE  26270.15690403  .00049701  00000-0  61162-3 0  9993
2 61763  97.2771 148.5119 0001491 238.7058 121.4053 15.60099539153445
SIT-2086
1 61764U 24199AF  26270.14492258  .00054629  00000-0  65642-3 0  9993
2 61764  97.2730 148.5809 0003463 220.7123 139.3876 15.60700248150299
HOD-HOD
1 61768U 24199AK  26270.16412907  .00023294  00000-0  36206-3 0  9990
2 61768  97.2778 146.3814 0002685 279.1613  80.9337 15.53941842150151
KOSAR
1 61769U 24199AL  26270.18137459  .00041539  00000-0  50065-3 0  9990
2 61769  97.2735 148.3897 0001285 236.9640 123.1494 15.60684527150295
SITRO-AIS-48
1 61771U 24199AN  26270.14454507  .00086915  00000-0  75032-3 0  9993
2 61771  97.2708 149.1290 0002676 251.1646 108.9326 15.68963932150354
SITRO-AIS-47
1 61773U 24199AQ  26270.17866020  .00090161  00000-0  73146-3 0  9997
2 61773  97.2684 149.5084 0002140 234.7252 125.3810 15.70465159150385
SITRO-AIS-46
1 61774U 24199AR  26270.08020238  .00103619  00000-0  72403-3 0  9999
2 61774  97.2652 150.1497 0001731 221.4419 138.6714 15.73973892150426
CSTP-2.2
1 61775U 24199AS  26270.16945155  .00015930  00000-0  31318-3 0  9991
2 61775  97.2798 142.9998 0011525 266.2199  93.7733 15.47291937149926
SITRO-AIS-40
1 61776U 24199AT  26270.15496397  .00121071  00000-0  81660-3 0  9999
2 61776  97.2658 150.3751 0001608 214.8824 145.2336 15.74746189153591
CSTP-2.1
1 61777U 24199AU  26270.16812507  .00018605  00000-0  34426-3 0  9992
2 61777  97.2800 143.4517 0011530 262.1466  97.8476 15.49007374149957
SITRO-AIS-39
1 61778U 24199AV  26270.14259118  .00086226  00000-0  74772-3 0  9996
2 61778  97.2675 148.9003 0002282 241.7181 118.3851 15.68857270150349
ALTAIR (RS65S)
1 61779U 24199AW  26270.13665654  .00010889  00000-0  28607-3 0  9990
2 61779  97.2851 138.8494 0010522 304.1947  55.8300 15.38727917152783
SITRO-AIS-37
1 61780U 24199AX  26270.11056282  .00087296  00000-0  69204-3 0  9995
2 61780  97.2701 149.5371 0002415 240.3194 119.7829 15.71030258150370
ASRTU-1 (RS64S/BJ2CR)
1 61781U 24199AY  26270.16148220  .00007134  00000-0  19893-3 0  9997
2 61781  97.2819 137.9166 0011827 307.4879  52.5289 15.37001102149589
SAMSAT-IONOSPHERE (RS75S)
1 61784U 24199BB  26270.14554029  .00080535  00000-0  71948-3 0  9991
2 61784  97.2729 149.0547 0003689 242.6663 117.4223 15.68139895153485
RTU MIREA-1 (RS51S)
1 61785U 24199BC  26270.03100850  .00116329  00000-0  75071-3 0  9991
2 61785  97.2705 150.5394 0002981 213.4428 146.6650 15.75778327150422
SITRO-AIS-38
1 61786U 24199BD  26270.08043273  .00033222  00000-0  50043-3 0  9994
2 61786  97.2737 145.6571 0005006 277.3554  82.7131 15.54727902150110
2024-199BE (? SWSU-60)
1 61787U 24199BE  26270.05615810  .00008051  00000-0  21678-3 0  9998
2 61787  97.2827 138.2643 0011155 305.1490  54.8710 15.38052435152748
SITRO-AIS-45
1 61788U 24199BF  26270.13519375  .00086723  00000-0  73683-3 0  9992
2 61788  97.2670 149.0297 0002083 239.5553 120.5504 15.69355210150336
SITRO-AIS-17
1 61789U 24199BG  26270.14894468  .00002596  00000-0  22217-3 0  9996
2 61789  97.3169 103.4775 0007845  91.1760 269.0362 14.98369204147302
SITRO-AIS-18
1 61790U 24199BH  26270.16524388  .00002759  00000-0  23599-3 0  9996
2 61790  97.3188 103.4302 0008167  86.5259 273.6898 14.98336926147300
INNOCUBE (TUBSAT-31)
1 62616U 25009H   26269.78048843  .00006664  00000-0  24862-3 0  9991
2 62616  97.3843 348.7565 0005065 348.8082  11.3044 15.27730418 94323
OTP-2
1 63235U 25052AB  26269.69600369  .00006657  00000-0  26805-3 0  9995
2 63235  97.3710 160.6131 0006775 149.4138 210.7496 15.25177195 85332
PADRE
1 64559U 25135AH  26269.57257519  .00001192  00000-0  12090-3 0  9999
2 64559  97.7806  21.9904 0000587 327.6977  32.4207 14.92756760 68979
IONOSFERA-M 03
1 64876U 25155A   26270.16816132  .00000025  00000-0  30943-4 0  9994
2 64876  98.6163 229.5624 0000452 346.6980  13.4186 14.21500915 60897
IONOSFERA-M 04
1 64877U 25155B   26270.20282507  .00000029  00000-0  32810-4 0  9992
2 64877  98.6156 229.5127 0000499  72.1692 287.9540 14.21503536 60894
INNOSAT16 (RS92S7)
1 64878U 25155C   26270.16785064  .00004989  00000-0  19419-3 0  9992
2 64878  97.4699 237.1155 0010208 175.4879 184.6453 15.26421529 96222
GEOSCAN-6 (RS92S6)
1 64879U 25155D   26270.13810870  .00009355  00000-0  30576-3 0  9993
2 64879  97.4684 239.2882 0007969 159.5551 200.6011 15.31921254 96367
GEOSCAN 1 (RS92S1)
1 64880U 25155E   26270.16079738  .00009955  00000-0  31762-3 0  9992
2 64880  97.4679 239.5592 0007899 158.7222 201.4350 15.32677014 96382
239ALFEROV (RS61S)
1 64881U 25155F   26270.15915845  .00014002  00000-0  40733-3 0  9997
2 64881  97.4672 240.5083 0007592 155.7281 204.4321 15.35522491 96444
CSTP-4.3
1 64882U 25155G   26270.16761385  .00008277  00000-0  27811-3 0  9996
2 64882  97.4710 239.2107 0007486 160.7687 199.3838 15.31073401 96351
CSTP-4.2
1 64883U 25155H   26270.16753801  .00008290  00000-0  27847-3 0  9995
2 64883  97.4701 239.1740 0007663 155.7870 204.3733 15.31076608 96352
CSTP-4.4
1 64884U 25155J   26270.16726617  .00008441  00000-0  28355-3 0  9994
2 64884  97.4697 239.1609 0008292 151.3410 208.8288 15.31068308 96354
ASTROLINE-N3
1 64886U 25155L   26270.20586507  .00040506  00000-0  76993-3 0  9992
2 64886  97.4561 243.7222 0008003 131.4489 228.7450 15.48118604 96684
ASTROLINE-N2
1 64888U 25155N   26270.18535346  .00038672  00000-0  73082-3 0  9993
2 64888  97.4570 243.7909 0007899 130.5682 229.6257 15.48296196 96683
GEOSCAN 2 (RS92S2)
1 64890U 25155Q   26270.13761976  .00009838  00000-0  31157-3 0  9990
2 64890  97.4678 239.7268 0007751 145.8573 214.3168 15.32920263 96395
GEOSCAN-5 (RS92S5)
1 64891U 25155R   26270.19345970  .00014509  00000-0  41820-3 0  9998
2 64891  97.4666 240.7176 0006456 156.4823 203.6717 15.35813165 96464
GEOSCAN-4 (RS92S4)
1 64892U 25155S   26270.16577112  .00014270  00000-0  40876-3 0  9996
2 64892  97.4672 240.7728 0006328 156.1350 204.0188 15.36013419 96467
GEOSCAN-3 (RS92S3)
1 64893U 25155T   26270.14310676  .00019039  00000-0  49945-3 0  9999
2 64893  97.4655 241.5226 0006351 153.1436 207.0139 15.38682174 96516
INNOSAT3 (RS92S0)
1 64894U 25155U   26270.15134752  .00055906  00000-0  93664-3 0  9990
2 64894  97.4595 244.7232 0006453 138.1656 222.0090 15.51651522 96737
CSTP-4.1
1 64895U 25155V   26270.16742289  .00008561  00000-0  28747-3 0  9997
2 64895  97.4706 239.1867 0007559 159.6520 200.5023 15.31080013 96343
POLYTECH UNIVERSE-3 (RS46S)
1 57191U 23091AB  26270.14657670  .00003857  00000-0  18219-3 0  9998
2 57191  97.4937 327.2682 0016427 130.6316 229.6351 15.19906508179430
CSTP-1.1
1 57202U 23091AN  26270.14659456  .00003837  00000-0  18161-3 0  9999
2 57202  97.5005 328.3798 0010791 111.4688 248.7698 15.19906287179448
CSTP-1.2
1 57186U 23091W   26270.16054757  .00007842  00000-0  26855-3 0  9994
2 57186  97.5050 337.4715 0019064  92.9961 267.3461 15.30326509180047
MULE-4T
1 67286U 25313AQ  26269.78291014  .00006588  00000-0  26174-3 0  9990
2 67286  97.3857 343.3969 0009168   6.7329 353.4031 15.25612847 41452
SCORPION (RS89S)
1 67293U 25313AX  26269.71404623  .00003149  00000-0  13497-3 0  9997
2 67293  97.3858 342.8874 0010634   0.3768 359.7475 15.23443748 41414
GALAPAGOS-UTE-SWSU
1 67279U 25313AH  26269.75451516  .00006154  00000-0  25655-3 0  9996
2 67279  97.3844 342.7988 0013802  13.5506 346.6099 15.23973187 41416
SAKHACUBE-CHOLBON (RS18S)
1 67290U 25313AU  26269.88290243  .00008453  00000-0  32625-3 0  9990
2 67290  97.3852 343.7139 0008704   7.1303 353.0058 15.26499607 41483
LUCA-1 (RS90S)
1 67287U 25313AR  26269.86769338  .00007330  00000-0  28733-3 0  9998
2 67287  97.3857 343.5862 0009075   7.6899 352.4477 15.26026287 41479
QMR-KWT-2 (RS95S)
1 67291U 25313AV  26269.75255693  .00012520  00000-0  45123-3 0  9994
2 67291  97.3852 344.0297 0008018   4.3360 355.7948 15.28658956 41497
LOBACHEVSKY (RS83S)
1 67284U 25313AN  26269.78325554  .00004126  00000-0  17449-3 0  9996
2 67284  97.3842 342.8881 0010531  11.4825 348.6650 15.23720891 41428
NASBSAT-1
1 67289U 25313AT  26269.79188342  .00010943  00000-0  40028-3 0  9997
2 67289  97.3854 343.9864 0008428   5.7290 354.4045 15.28201838 41493
NASBSAT-2
1 67285U 25313AP  26269.72496165  .00005139  00000-0  20992-3 0  9990
2 67285  97.3840 343.0999 0010039  12.1626 347.9852 15.24785200 41433
HORS-5
1 67283U 25313AM  26269.76061331  .00006198  00000-0  25001-3 0  9997
2 67283  97.3859 343.2715 0009930   9.8296 350.3134 15.25124932 41445
AIST-2T 2
1 67253U 25313F   26269.73943424  .00020707  00000-0  25038-3 0  9995
2 67253  97.0757 347.1712 0004672 209.7999 150.2994 15.60717641 42463
AIST-2T 1
1 67254U 25313G   26269.77196450  .00013604  00000-0  16485-3 0  9993
2 67254  97.0761 347.1253 0004410 181.0528 179.0722 15.60750314 42450
AIST-ST (RS86S)
1 67267U 25313V   26269.92002964  .00008034  00000-0  31613-3 0  9991
2 67267  97.3860 343.3849 0013326  17.3916 342.7776 15.25821175 41467
KOWSAR 1.5
1 67264U 25313S   26269.76793116  .00005287  00000-0  22508-3 0  9996
2 67264  97.3943 342.9687 0014821  19.3019 340.8777 15.23318994 41400
PAYA
1 67255U 25313H   26269.74850560  .00001249  00000-0  82168-4 0  9994
2 67255  97.2756 332.2595 0067679 346.4302  13.5105 15.07481680 40952
GRIFON-1
1 67281U 25313AK  26269.71274147  .00004226  00000-0  18054-3 0  9991
2 67281  97.3800 342.5407 0011800  11.9814 348.1702 15.23353013 41402
GRIFON-2
1 67272U 25313AA  26269.72030138  .00008288  00000-0  32895-3 0  9993
2 67272  97.3853 343.1910 0013749  13.6023 346.5583 15.25518484 41430
GRIFON-3
1 67280U 25313AJ  26269.72980260  .00004218  00000-0  18065-3 0  9994
2 67280  97.3916 342.9277 0013053  11.9888 348.1657 15.23255258 41402
GRIFON-4
1 67261U 25313P   26269.72050434  .00015775  00000-0  55361-3 0  9994
2 67261  97.3893 344.0658 0012179   6.6895 353.4505 15.29435009 41487
MARAFON
1 67250U 25313C   26269.73926320  .00007125  00000-0  60320-3 0  9990
2 67250  97.6091 336.6915 0146560   0.1174   0.0053 14.90278367 40472
MORSAT (RS96S)
1 67262U 25313Q   26269.78627673  .00008293  00000-0  32903-3 0  9990
2 67262  97.3858 343.2499 0013739  18.2700 341.9029 15.25530138 41444
MARAFON-EXPERIMENTAL
1 67251U 25313D   26269.76299223  .00001394  00000-0  12315-3 0  9992
2 67251  97.5589 335.7492 0147293 350.0530   9.7780 14.90023015 40528
CORAL
1 67685U 98067YC  26269.14623229  .00106776  00000-0  70460-3 0  9993
2 67685  51.6219 140.1477 0009415 211.1327 148.9116 15.74727652 36126
KNACKSAT-2
1 67683U 98067XZ  26267.92070287  .00083919  00000-0  67771-3 0  9999
2 67683  51.6256 149.2567 0008507 206.5012 153.5551 15.70081651 35891
ELEKTRO-L5
1 67756U 26028A   26269.77323503  .00000000  00000-0  00000-0 0  9994
2 67756   0.0180  68.0814 0001606 104.8347 187.0862  1.00269794  2269
RASSVET-3 1
1 68360U 26061A   26270.02856748  .00002064  00000-0  98764-4 0  9995
2 68360  82.2867 268.2189 0001879  62.3694 297.7730 15.18465525 29029
RASSVET-3 2
1 68361U 26061B   26270.10805422  .00002233  00000-0  10368-3 0  9999
2 68361  82.2879 266.7621 0002645 110.3016 249.8502 15.19534245 29124
RASSVET-3 3
1 68362U 26061C   26270.14749760  .00002740  00000-0  13170-3 0  9993
2 68362  82.2917 270.2536 0001056 201.0746 159.0444 15.18439291 28913
RASSVET-3 5
1 68364U 26061E   26269.95632765  .00002525  00000-0  12124-3 0  9997
2 68364  82.2923 271.2891 0001673  63.8771 296.2634 15.18438091 28837
RASSVET-3 6
1 68365U 26061F   26270.14962728  .00002728  00000-0  13099-3 0  9993
2 68365  82.2902 270.7232 0001262 144.5913 215.5404 15.18470549 28885
RASSVET-3 7
1 68366U 26061G   26270.15179727  .00002663  00000-0  12789-3 0  9997
2 68366  82.2900 270.0736 0002739 134.8717 225.2739 15.18454455 28922
RASSVET-3 8
1 68367U 26061H   26270.10323163  .00001886  00000-0  87832-4 0  9996
2 68367  82.2880 267.5654 0004130 109.7024 250.4656 15.19331769 29077
RASSVET-3 9
1 68368U 26061J   26270.15824728  .00002403  00000-0  11521-3 0  9992
2 68368  82.2885 268.2870 0002527  11.5496 348.5795 15.18470834 29037
RASSVET-3 10
1 68369U 26061K   26270.11005022  .00002592  00000-0  12051-3 0  9995
2 68369  82.2822 262.4811 0002307 104.3654 255.7836 15.19561756 29392
RASSVET-3 11
1 68370U 26061L   26270.12904934  .00023296  00000-0  23132-3 0  9994
2 68370  82.2864 260.0467 0005226 113.5018 246.6791 15.65591990 29540
RASSVET-3 12
1 68371U 26061M   26270.15610454  .00002669  00000-0  12822-3 0  9994
2 68371  82.2906 270.7277 0002648  64.0249 296.1256 15.18437682 28883
RASSVET-3 13
1 68372U 26061N   26270.10133667  .00001986  00000-0  92403-4 0  9991
2 68372  82.2918 270.3837 0000324 173.8177 186.3061 15.19409177 28909
RASSVET-3 14
1 68373U 26061P   26270.12405016  .00028623  00000-0  21747-3 0  9993
2 68373  82.2875 259.5745 0012410 101.9756 258.2898 15.72036603 29573
RASSVET-3 15
1 68374U 26061Q   26270.10571417  .00002272  00000-0  10575-3 0  9990
2 68374  82.2910 267.2962 0000227  99.2584 260.8676 15.19464519 29094
RASSVET-3 16
1 68375U 26061R   26270.16257910  .00002191  00000-0  10492-3 0  9994
2 68375  82.2887 268.3008 0002526  61.5042 298.6445 15.18470502 29031
HADES-SA (SPINNYONE)
1 68446U 26067AG  26268.63831681  .00022814  00000-0  99408-3 0  9999
2 68446  97.4503 225.7101 0008949  86.5680 273.6580 15.22167672 27198
RASSVET-3 17
1 A0083U 26165A   26269.93613912  .00171758  11017-4  29357-3 0  9992
2 A0083  82.2961 152.2459 0019973 154.3126 205.9149 16.02051832 11000
RASSVET-3 18
1 A0084U 26165B   26269.82934960 -.00260437  00000-0 -58978-2 0  9991
2 A0084  82.2985 154.8881 0007503 147.0277 213.1440 15.44076645 10835
RASSVET-3 19
1 A0085U 26165C   26269.78735245 -.00344208  00000-0 -10319-1 0  9997
2 A0085  82.3000 154.9881 0008187 113.1879 247.0227 15.35868610 10826
RASSVET-3 20
1 A0086U 26165D   26269.77017622 -.00428624  00000-0 -82594-2 0  9999
2 A0086  82.3010 154.4849 0008992   8.4718 351.6682 15.49343590 10859
RASSVET-3 21
1 A0087U 26165E   26269.67033709 -.00258411  00000-0 -31033-2 0  9990
2 A0087  82.3007 154.5044 0009276 131.2307 228.9751 15.61621150 10846
RASSVET-3 22
1 A0088U 26165F   26269.77743602 -.00194402  00000-0 -67167-2 0  9998
2 A0088  82.2990 155.2964 0008908 132.3939 227.8057 15.30746081 10800
RASSVET-3 23
1 A0089U 26165G   26269.93217422  .00834150  34253-3  13637-2 0  9995
2 A0089  82.2939 152.2341 0019136 154.8572 205.3644 16.02957928 11007
RASSVET-3 24
1 A0090U 26165H   26269.81215293 -.00261281  00000-0 -43896-2 0  9999
2 A0090  82.2997 154.5412 0009476 158.1756 201.9902 15.52616563 10856
RASSVET-3 25
1 A0091U 26165J   26269.82810564 -.00451458  00000-0 -11372-1 0  9993
2 A0091  82.3014 154.8929 0006662 160.9379 199.2118 15.41631640 10837
RASSVET-3 26
1 A0092U 26165K   26269.84099825  .00086587  15872-5  24020-3 0  9994
2 A0092  82.2973 152.7645 0015183 146.6519 213.5714 15.93463894 10965
RASSVET-3 27
1 A0093U 26165L   26269.78642268 -.00470413  00000-0 -12575-1 0  9992
2 A0093  82.2993 154.8259 0007469 132.7406 227.4469 15.39901124 10831
RASSVET-3 28
1 A0094U 26165M   26269.73808097 -.00333039  00000-0 -57003-2 0  9990
2 A0094  82.2991 154.4329 0009592 158.4110 201.7548 15.52339486 10856
RASSVET-3 29
1 A0095U 26165N   26269.78105951 -.00321807  00000-0 -13038-1 0  9994
2 A0095  82.3008 155.6256 0003777 171.2245 188.9059 15.26121089 10784
RASSVET-3 30
1 A0096U 26165P   26269.83607144 -.00433049  00000-0 -14433-1 0  9994
2 A0096  82.3017 155.2296 0001051  10.2912 349.8351 15.32950246 10810
RASSVET-3 31
1 A0097U 26165Q   26269.85061973 -.00450467  00000-0 -12132-1 0  9998
2 A0097  82.2986 154.7550 0007318 277.0304  83.0109 15.39597401 10840
RASSVET-3 32
1 A0098U 26165R   26269.82950885 -.00377651  00000-0 -12377-1 0  9999
2 A0098  82.2985 154.8724 0001615 107.7951 252.3467 15.33251824 10832

